/*--------------------------------*- C++ -*----------------------------------*\
| =========                 |                                                 |
| \\      /  F ield         | OpenFOAM: The Open Source CFD Toolbox           |
|  \\    /   O peration     | Version:  2312                                  |
|   \\  /    A nd           | Website:  www.openfoam.com                      |
|    \\/     M anipulation  |                                                 |
\*---------------------------------------------------------------------------*/
FoamFile
{
    version     2.0;
    format      ascii;
    arch        "LSB;label=32;scalar=64";
    class       volScalarField;
    location    "0.5";
    object      T;
}
// * * * * * * * * * * * * * * * * * * * * * * * * * * * * * * * * * * * * * //

dimensions      [0 0 0 1 0 0 0];

internalField   nonuniform List<scalar> 
1000
(
0
0
0
0
0
0
0
0
0
0
0
0
0
0
0
0
0
0
0
0
0
0
0
0
0
0
0
0
0
0
0
0
0
0
0
0
0
0
0
0
0
0
0
0
0
0
0
0
0
0
0
0
0
0
0
0
0
0
0
0
0
0
0
0
0
0
0
0
0
0
0
0
0
0
0
0
0
0
0
0
0
0
0
0
0
0
0
0
0
0
0
0
0
0
0
0
0
0
0
0
0
0
0
0
0
0
0
0
0
0
0
0
0
0
0
0
0
0
0
0
0
0
0
0
0
0
0
0
0
0
0
0
0
0
0
0
0
0
0
0
0
0
0
0
0
0
0
0
0
0
0
0
0
0
0
0
0
0
0
0
0
0
0
0
0
0
0
0
0
0
0
0
0
0
0
0
0
0
0
0
0
0
0
0
0
0
0
0
0
0
0
0
0
0
0
0
0
0
0
0
0
0
0
0
0
0
0
0
0
0
0
0
0
0
0
0
0
0
0
0
0
0
0
0
0
0
0
0
0
0
0
0
0
0
0
0
0
0
0
0
0
0
0
0
0
0
0
0
0
0
0
0
0
0
0
0
0
0
0
0
0
0
0
0
0
0
0
0
0
0
0
0
0
0
0
0
0
0
0
0
0
0
0
0
0
0
0
0
0
0
0
0
0
0
0
0
0
0
0
0
9.88131e-324
6.3438e-321
2.09159e-318
6.84881e-316
2.23089e-313
7.22854e-311
2.32976e-308
7.46866e-306
2.38135e-303
7.5515e-301
2.38151e-298
7.46894e-296
2.32934e-293
7.22359e-291
2.22739e-288
6.82877e-286
2.08146e-283
6.30738e-281
1.90005e-278
5.68972e-276
1.69357e-273
5.01045e-271
1.47329e-268
4.30539e-266
1.25033e-263
3.60825e-261
1.03468e-258
2.94796e-256
8.34486e-254
2.34677e-251
6.55613e-249
1.81937e-246
5.01492e-244
1.37292e-241
3.73279e-239
1.00786e-236
2.70219e-234
7.19358e-232
1.90133e-229
4.98908e-227
1.29957e-224
3.36017e-222
8.62324e-220
2.1963e-217
5.55125e-215
1.39229e-212
3.46473e-210
8.55408e-208
2.09509e-205
5.08999e-203
1.22653e-200
2.93116e-198
6.94646e-196
1.63232e-193
3.80297e-191
8.78352e-189
2.01093e-186
4.56313e-184
1.02616e-181
2.28671e-179
5.04887e-177
1.10437e-174
2.3929e-172
5.13528e-170
1.09139e-167
2.29679e-165
4.78547e-163
9.87038e-161
2.01506e-158
4.07122e-156
8.13921e-154
1.60989e-151
3.1499e-149
6.09562e-147
1.16651e-144
2.20719e-142
4.12852e-140
7.6327e-138
1.39448e-135
2.5172e-133
4.48859e-131
7.90509e-129
1.37474e-126
2.36025e-124
3.99974e-122
6.68872e-120
1.10356e-117
1.79591e-115
2.8821e-113
4.55995e-111
7.11092e-109
1.09267e-106
1.654e-104
2.46569e-102
3.61884e-100
5.22755e-98
7.42998e-96
1.03871e-93
1.42782e-91
1.92916e-89
2.56108e-87
3.33942e-85
4.27503e-83
5.37094e-81
6.61936e-79
7.99911e-77
9.47379e-75
1.09913e-72
1.24852e-70
1.38782e-68
1.50873e-66
1.60316e-64
1.66403e-62
1.68608e-60
1.6666e-58
1.60585e-56
1.50717e-54
1.37676e-52
1.22296e-50
1.05544e-48
8.84087e-47
7.18045e-45
5.64835e-43
4.29826e-41
3.16018e-39
2.24176e-37
1.53209e-35
1.00718e-33
6.35782e-32
3.84654e-30
2.22588e-28
1.22921e-26
6.46194e-25
3.22492e-23
1.52322e-21
6.78587e-20
2.84031e-18
1.11207e-16
4.05241e-15
1.36638e-13
4.23386e-12
1.19585e-10
3.04883e-09
6.93224e-08
1.38454e-06
2.38173e-05
0.000343667
0.00400663
0.035657
0.22015
0.77985
0.964343
0.995993
0.999656
0.999976
0.999999
1
1
1
1
1
1
1
1
1
1
1
1
1
1
1
1
1
1
1
1
1
1
1
1
1
1
1
1
1
1
1
1
1
1
1
1
1
1
1
1
1
1
1
1
1
1
1
1
1
1
1
1
1
1
1
1
1
1
1
1
1
1
1
1
1
1
1
1
1
1
1
1
1
1
1
1
1
1
1
1
1
1
1
1
1
1
1
1
0.999999
0.999976
0.999656
0.995993
0.964343
0.77985
0.22015
0.035657
0.00400663
0.000343667
2.38173e-05
1.38454e-06
6.93224e-08
3.04883e-09
1.19585e-10
4.23386e-12
1.36638e-13
4.05241e-15
1.11207e-16
2.84031e-18
6.78587e-20
1.52322e-21
3.22492e-23
6.46194e-25
1.22921e-26
2.22588e-28
3.84654e-30
6.35782e-32
1.00718e-33
1.53209e-35
2.24176e-37
3.16018e-39
4.29826e-41
5.64835e-43
7.18045e-45
8.84087e-47
1.05544e-48
1.22296e-50
1.37676e-52
1.50717e-54
1.60585e-56
1.6666e-58
1.68608e-60
1.66403e-62
1.60316e-64
1.50873e-66
1.38782e-68
1.24852e-70
1.09913e-72
9.47379e-75
7.99911e-77
6.61936e-79
5.37094e-81
4.27503e-83
3.33942e-85
2.56108e-87
1.92916e-89
1.42782e-91
1.03871e-93
7.42998e-96
5.22755e-98
3.61884e-100
2.46569e-102
1.654e-104
1.09267e-106
7.11092e-109
4.55995e-111
2.8821e-113
1.79591e-115
1.10356e-117
6.68872e-120
3.99974e-122
2.36025e-124
1.37474e-126
7.90509e-129
4.48859e-131
2.5172e-133
1.39448e-135
7.6327e-138
4.12852e-140
2.20719e-142
1.16651e-144
6.09562e-147
3.1499e-149
1.60989e-151
8.13921e-154
4.07122e-156
2.01506e-158
9.87038e-161
4.78547e-163
2.29679e-165
1.09139e-167
5.13528e-170
2.3929e-172
1.10437e-174
5.04887e-177
2.28671e-179
1.02616e-181
4.56313e-184
2.01093e-186
8.78352e-189
3.80297e-191
1.63232e-193
6.94646e-196
2.93116e-198
1.22653e-200
5.08999e-203
2.09509e-205
8.55408e-208
3.46473e-210
1.39229e-212
5.55125e-215
2.1963e-217
8.62324e-220
3.36017e-222
1.29957e-224
4.98908e-227
1.90133e-229
7.19358e-232
2.70219e-234
1.00786e-236
3.73279e-239
1.37292e-241
5.01492e-244
1.81937e-246
6.55613e-249
2.34677e-251
8.34486e-254
2.94796e-256
1.03468e-258
3.60825e-261
1.25033e-263
4.30539e-266
1.47329e-268
5.01045e-271
1.69357e-273
5.68972e-276
1.90005e-278
6.30738e-281
2.08146e-283
6.82877e-286
2.22739e-288
7.22359e-291
2.32934e-293
7.46894e-296
2.38151e-298
7.5515e-301
2.38135e-303
7.46866e-306
2.32976e-308
7.22854e-311
2.23089e-313
6.84881e-316
2.09159e-318
6.3438e-321
9.88131e-324
0
0
0
0
0
0
0
0
0
0
0
0
0
0
0
0
0
0
0
0
0
0
0
0
0
0
0
0
0
0
0
0
0
0
0
0
0
0
0
0
0
0
0
0
0
0
0
0
0
0
0
0
0
0
0
0
0
0
0
0
0
0
0
0
0
0
0
0
0
0
0
0
0
0
0
0
0
0
0
0
0
0
0
0
0
0
0
0
0
0
0
0
0
0
0
0
0
0
0
0
0
0
0
0
0
0
0
0
0
0
0
0
0
0
0
0
0
0
0
0
0
0
0
0
0
0
0
0
0
0
0
0
0
0
0
0
0
0
0
0
0
0
0
0
0
0
0
0
0
0
0
0
0
0
0
0
0
0
0
0
0
0
0
0
0
0
0
0
0
0
0
0
0
0
0
0
0
0
0
0
0
0
0
0
0
0
0
0
0
0
0
0
0
0
0
0
0
0
0
0
0
0
0
0
0
0
0
0
0
0
0
0
0
0
0
0
0
0
0
0
0
0
0
0
0
0
0
0
0
0
0
0
0
0
0
0
0
0
0
0
0
0
0
0
0
0
0
0
0
0
0
0
0
0
0
0
0
0
0
0
0
0
0
0
0
0
0
0
0
0
0
0
0
0
0
0
0
0
0
0
0
0
0
0
0
0
0
0
0
0
0
0
0
0
0
0
0
0
0
0
)
;

boundaryField
{
    sides
    {
        type            zeroGradient;
    }
    empty
    {
        type            empty;
    }
}


// ************************************************************************* //
