/*--------------------------------*- C++ -*----------------------------------*\
| =========                 |                                                 |
| \\      /  F ield         | OpenFOAM: The Open Source CFD Toolbox           |
|  \\    /   O peration     | Version:  2312                                  |
|   \\  /    A nd           | Website:  www.openfoam.com                      |
|    \\/     M anipulation  |                                                 |
\*---------------------------------------------------------------------------*/
FoamFile
{
    version     2.0;
    format      ascii;
    arch        "LSB;label=32;scalar=64";
    class       volScalarField;
    location    "2.7";
    object      T;
}
// * * * * * * * * * * * * * * * * * * * * * * * * * * * * * * * * * * * * * //

dimensions      [0 0 0 1 0 0 0];

internalField   nonuniform List<scalar> 
1000
(
2.37197e-110
4.86971e-110
1.26257e-109
3.39654e-109
9.17248e-109
2.47513e-108
6.66957e-108
1.79451e-107
4.82101e-107
1.29321e-106
3.46373e-106
9.26307e-106
2.47346e-105
6.59463e-105
1.75555e-104
4.66625e-104
1.23839e-103
3.28154e-103
8.68219e-103
2.29356e-102
6.04951e-102
1.59315e-101
4.1891e-101
1.09979e-100
2.88284e-100
7.54492e-100
1.97156e-99
5.14382e-99
1.33993e-98
3.48493e-98
9.04946e-98
2.34621e-97
6.07333e-97
1.56963e-96
4.05025e-96
1.04346e-95
2.68399e-95
6.89274e-95
1.7673e-94
4.52413e-94
1.15628e-93
2.95051e-93
7.51677e-93
1.91191e-92
4.85513e-92
1.23093e-91
3.11576e-91
7.87392e-91
1.98661e-90
5.0041e-90
1.25844e-89
3.15958e-89
7.91983e-89
1.98194e-88
4.95169e-88
1.2351e-87
3.07563e-87
7.64628e-87
1.89779e-86
4.70248e-86
1.16328e-85
2.87291e-85
7.0833e-85
1.74351e-84
4.28438e-84
1.05105e-83
2.57415e-83
6.29379e-83
1.53625e-82
3.74349e-82
9.10666e-82
2.2116e-81
5.3619e-81
1.29776e-80
3.13566e-80
7.56355e-80
1.82129e-79
4.37817e-79
1.05066e-78
2.517e-78
6.01949e-78
1.4371e-77
3.42506e-77
8.14885e-77
1.93541e-76
4.58878e-76
1.08609e-75
2.56613e-75
6.0525e-75
1.42506e-74
3.34941e-74
7.85859e-74
1.84059e-73
4.30335e-73
1.00436e-72
2.33995e-72
5.44196e-72
1.26338e-71
2.92781e-71
6.77296e-71
1.56401e-70
3.60519e-70
8.29542e-70
1.90533e-69
4.36842e-69
9.99764e-69
2.28396e-68
5.2083e-68
1.18555e-67
2.69374e-67
6.10948e-67
1.38313e-66
3.1256e-66
7.05035e-66
1.58743e-65
3.56767e-65
8.00347e-65
1.79215e-64
4.00564e-64
8.93652e-64
1.99005e-63
4.42339e-63
9.81391e-63
2.17332e-62
4.80392e-62
1.05989e-61
2.33407e-61
5.13046e-61
1.1256e-60
2.4649e-60
5.38762e-60
1.17538e-59
2.5594e-59
5.56261e-59
1.20669e-58
2.61271e-58
5.64627e-58
1.21788e-57
2.62193e-57
5.63387e-57
1.20826e-56
2.58634e-56
5.52553e-56
1.17822e-55
2.50752e-55
5.32627e-55
1.12918e-54
2.38924e-54
5.04563e-54
1.06347e-53
2.23713e-53
4.69687e-53
9.84188e-53
2.05824e-52
4.296e-52
8.94907e-52
1.86053e-51
3.86047e-51
7.9944e-51
1.65223e-50
3.40798e-50
7.01552e-50
1.44132e-49
2.95524e-49
6.04728e-49
1.23498e-48
2.51703e-48
5.11971e-48
1.03927e-47
2.10542e-47
4.25671e-47
8.58876e-47
1.72945e-46
3.4754e-46
6.96979e-46
1.39492e-45
2.7861e-45
5.55336e-45
1.10466e-44
2.19284e-44
4.34408e-44
8.58805e-44
1.69433e-43
3.33583e-43
6.55409e-43
1.28506e-42
2.51438e-42
4.90952e-42
9.56626e-42
1.86012e-41
3.60937e-41
6.98898e-41
1.35048e-40
2.60404e-40
5.01068e-40
9.62122e-40
1.84352e-39
3.52491e-39
6.72555e-39
1.28052e-38
2.4329e-38
4.61252e-38
8.72621e-38
1.64735e-37
3.10326e-37
5.83338e-37
1.09418e-36
2.04798e-36
3.82497e-36
7.12843e-36
1.32563e-35
2.45985e-35
4.55465e-35
8.41509e-35
1.55138e-34
2.85385e-34
5.23839e-34
9.59434e-34
1.7534e-33
3.19739e-33
5.81778e-33
1.05624e-32
1.91343e-32
3.45861e-32
6.23782e-32
1.12254e-31
2.01562e-31
3.61119e-31
6.45543e-31
1.15142e-30
2.04914e-30
3.63864e-30
6.44666e-30
1.13961e-29
2.01003e-29
3.5373e-29
6.21101e-29
1.08811e-28
1.90196e-28
3.31701e-28
5.77176e-28
1.00203e-27
1.73568e-27
2.99963e-27
5.17218e-27
8.89791e-27
1.52724e-26
2.61537e-26
4.46849e-26
7.61712e-26
1.29545e-25
2.1981e-25
3.72111e-25
6.28482e-25
1.05903e-24
1.78038e-24
2.98615e-24
4.99687e-24
8.34205e-24
1.38942e-23
2.30877e-23
3.82745e-23
6.33025e-23
1.04451e-22
1.71943e-22
2.82379e-22
4.62654e-22
7.56233e-22
1.23318e-21
2.00619e-21
3.25601e-21
5.27191e-21
8.51565e-21
1.37225e-20
2.20604e-20
3.53799e-20
5.66058e-20
9.03495e-20
1.43863e-19
2.28523e-19
3.62132e-19
5.72476e-19
9.02821e-19
1.42036e-18
2.22917e-18
3.49011e-18
5.45106e-18
8.49317e-18
1.32009e-17
2.04682e-17
3.16592e-17
4.88494e-17
7.51897e-17
1.1545e-16
1.76836e-16
2.70196e-16
4.11835e-16
6.26181e-16
9.49747e-16
1.43696e-15
2.16877e-15
3.26519e-15
4.90377e-15
7.34644e-15
1.09786e-14
1.6366e-14
2.43364e-14
3.60987e-14
5.34129e-14
7.8835e-14
1.16067e-13
1.70456e-13
2.49708e-13
3.64892e-13
5.31873e-13
7.73328e-13
1.12158e-12
1.62257e-12
2.34144e-12
3.37033e-12
4.83911e-12
6.93047e-12
9.90066e-12
1.41081e-11
2.00527e-11
2.843e-11
4.02051e-11
5.67131e-11
7.97964e-11
1.1199e-10
1.56773e-10
2.18905e-10
3.04885e-10
4.23553e-10
5.8691e-10
8.11197e-10
1.11833e-09
1.53782e-09
2.10925e-09
2.88561e-09
3.93762e-09
5.35941e-09
7.27587e-09
9.8523e-09
1.33068e-08
1.79264e-08
2.40878e-08
3.22835e-08
4.31565e-08
5.7543e-08
7.65277e-08
1.01514e-07
1.3431e-07
1.77244e-07
2.333e-07
3.0629e-07
4.01078e-07
5.23844e-07
6.82419e-07
8.86698e-07
1.14915e-06
1.48543e-06
1.91516e-06
2.46281e-06
3.15887e-06
4.04116e-06
5.15651e-06
6.56266e-06
8.33064e-06
1.05475e-05
1.33198e-05
1.67771e-05
2.10772e-05
2.64108e-05
3.30085e-05
4.11475e-05
5.11608e-05
6.34463e-05
7.84784e-05
9.68212e-05
0.000119143
0.000146232
0.000179016
0.000218585
0.000266213
0.000323382
0.000391816
0.000473511
0.000570768
0.000686234
0.000822939
0.000984347
0.0011744
0.00139755
0.00165886
0.001964
0.00231934
0.00273199
0.00320988
0.00376179
0.00439742
0.00512744
0.00596354
0.00691851
0.00800619
0.00924162
0.0106409
0.0122215
0.0140019
0.0160017
0.0182418
0.020744
0.0235312
0.0266273
0.0300569
0.0338454
0.0380186
0.0426029
0.0476245
0.05311
0.0590855
0.0655764
0.0726077
0.080203
0.0883847
0.0971733
0.106587
0.116644
0.127355
0.138733
0.150786
0.163516
0.176926
0.19101
0.205763
0.221172
0.237222
0.253892
0.271158
0.28899
0.307357
0.32622
0.345539
0.365269
0.385363
0.40577
0.426436
0.447307
0.468325
0.489432
0.510568
0.531675
0.552693
0.573563
0.59423
0.614637
0.634731
0.654461
0.67378
0.692643
0.711009
0.728841
0.746106
0.762775
0.778824
0.794233
0.808984
0.823068
0.836475
0.849204
0.861253
0.872628
0.883335
0.893386
0.902794
0.911574
0.919746
0.927329
0.934345
0.940818
0.946771
0.952229
0.957218
0.961763
0.965888
0.96962
0.972981
0.975995
0.978685
0.981072
0.983175
0.985014
0.986604
0.987961
0.9891
0.99003
0.990762
0.991304
0.991663
0.991841
0.991841
0.991663
0.991304
0.990762
0.99003
0.9891
0.987961
0.986604
0.985014
0.983175
0.981072
0.978685
0.975995
0.972981
0.96962
0.965888
0.961763
0.957218
0.952229
0.946771
0.940818
0.934345
0.927329
0.919746
0.911574
0.902794
0.893386
0.883335
0.872628
0.861253
0.849204
0.836475
0.823068
0.808984
0.794233
0.778824
0.762775
0.746106
0.728841
0.711009
0.692643
0.67378
0.654461
0.634731
0.614637
0.59423
0.573563
0.552693
0.531675
0.510568
0.489432
0.468325
0.447307
0.426436
0.40577
0.385363
0.365269
0.345539
0.32622
0.307357
0.28899
0.271158
0.253892
0.237222
0.221172
0.205763
0.19101
0.176926
0.163516
0.150786
0.138733
0.127355
0.116644
0.106587
0.0971733
0.0883847
0.080203
0.0726077
0.0655764
0.0590855
0.05311
0.0476245
0.0426029
0.0380186
0.0338454
0.0300569
0.0266273
0.0235312
0.020744
0.0182418
0.0160017
0.0140019
0.0122215
0.0106409
0.00924162
0.00800619
0.00691851
0.00596354
0.00512744
0.00439742
0.00376179
0.00320988
0.00273199
0.00231934
0.001964
0.00165886
0.00139755
0.0011744
0.000984347
0.000822939
0.000686234
0.000570768
0.000473511
0.000391816
0.000323382
0.000266213
0.000218585
0.000179016
0.000146232
0.000119143
9.68212e-05
7.84784e-05
6.34463e-05
5.11608e-05
4.11475e-05
3.30085e-05
2.64108e-05
2.10772e-05
1.67771e-05
1.33198e-05
1.05475e-05
8.33064e-06
6.56266e-06
5.15651e-06
4.04116e-06
3.15887e-06
2.46281e-06
1.91516e-06
1.48543e-06
1.14915e-06
8.86698e-07
6.82419e-07
5.23844e-07
4.01078e-07
3.0629e-07
2.333e-07
1.77244e-07
1.3431e-07
1.01514e-07
7.65277e-08
5.7543e-08
4.31565e-08
3.22835e-08
2.40878e-08
1.79264e-08
1.33068e-08
9.8523e-09
7.27587e-09
5.35941e-09
3.93762e-09
2.88561e-09
2.10925e-09
1.53782e-09
1.11833e-09
8.11197e-10
5.8691e-10
4.23553e-10
3.04885e-10
2.18905e-10
1.56773e-10
1.1199e-10
7.97964e-11
5.67131e-11
4.02051e-11
2.843e-11
2.00527e-11
1.41081e-11
9.90066e-12
6.93047e-12
4.83911e-12
3.37033e-12
2.34144e-12
1.62257e-12
1.12158e-12
7.73328e-13
5.31873e-13
3.64892e-13
2.49708e-13
1.70456e-13
1.16067e-13
7.8835e-14
5.34129e-14
3.60987e-14
2.43364e-14
1.6366e-14
1.09786e-14
7.34644e-15
4.90377e-15
3.26519e-15
2.16877e-15
1.43696e-15
9.49747e-16
6.26181e-16
4.11835e-16
2.70196e-16
1.76836e-16
1.1545e-16
7.51897e-17
4.88494e-17
3.16592e-17
2.04682e-17
1.32009e-17
8.49317e-18
5.45106e-18
3.49011e-18
2.22917e-18
1.42036e-18
9.02821e-19
5.72476e-19
3.62132e-19
2.28523e-19
1.43863e-19
9.03495e-20
5.66058e-20
3.53799e-20
2.20604e-20
1.37225e-20
8.51565e-21
5.27191e-21
3.25601e-21
2.00619e-21
1.23318e-21
7.56233e-22
4.62654e-22
2.82379e-22
1.71943e-22
1.04451e-22
6.33025e-23
3.82745e-23
2.30877e-23
1.38942e-23
8.34205e-24
4.99687e-24
2.98615e-24
1.78038e-24
1.05903e-24
6.28482e-25
3.72111e-25
2.1981e-25
1.29545e-25
7.61712e-26
4.46849e-26
2.61537e-26
1.52724e-26
8.89791e-27
5.17218e-27
2.99963e-27
1.73568e-27
1.00203e-27
5.77176e-28
3.31701e-28
1.90196e-28
1.08811e-28
6.21101e-29
3.5373e-29
2.01003e-29
1.13961e-29
6.44666e-30
3.63864e-30
2.04914e-30
1.15142e-30
6.45543e-31
3.61119e-31
2.01562e-31
1.12254e-31
6.23782e-32
3.45861e-32
1.91343e-32
1.05624e-32
5.81778e-33
3.19739e-33
1.7534e-33
9.59434e-34
5.23839e-34
2.85385e-34
1.55138e-34
8.41509e-35
4.55465e-35
2.45985e-35
1.32563e-35
7.12843e-36
3.82497e-36
2.04798e-36
1.09418e-36
5.83338e-37
3.10326e-37
1.64735e-37
8.72621e-38
4.61252e-38
2.4329e-38
1.28052e-38
6.72555e-39
3.52491e-39
1.84352e-39
9.62122e-40
5.01068e-40
2.60404e-40
1.35048e-40
6.98898e-41
3.60937e-41
1.86012e-41
9.56626e-42
4.90952e-42
2.51438e-42
1.28506e-42
6.55409e-43
3.33583e-43
1.69433e-43
8.58805e-44
4.34408e-44
2.19284e-44
1.10466e-44
5.55336e-45
2.7861e-45
1.39492e-45
6.96979e-46
3.4754e-46
1.72945e-46
8.58876e-47
4.25671e-47
2.10542e-47
1.03927e-47
5.11971e-48
2.51703e-48
1.23498e-48
6.04728e-49
2.95524e-49
1.44132e-49
7.01552e-50
3.40798e-50
1.65223e-50
7.9944e-51
3.86047e-51
1.86053e-51
8.94907e-52
4.296e-52
2.05824e-52
9.84188e-53
4.69687e-53
2.23713e-53
1.06347e-53
5.04563e-54
2.38924e-54
1.12918e-54
5.32627e-55
2.50752e-55
1.17822e-55
5.52553e-56
2.58634e-56
1.20826e-56
5.63387e-57
2.62193e-57
1.21788e-57
5.64627e-58
2.61271e-58
1.20669e-58
5.56261e-59
2.5594e-59
1.17538e-59
5.38762e-60
2.4649e-60
1.1256e-60
5.13046e-61
2.33407e-61
1.05989e-61
4.80392e-62
2.17332e-62
9.81391e-63
4.42339e-63
1.99005e-63
8.93652e-64
4.00564e-64
1.79215e-64
8.00347e-65
3.56767e-65
1.58743e-65
7.05035e-66
3.1256e-66
1.38313e-66
6.10948e-67
2.69374e-67
1.18555e-67
5.2083e-68
2.28396e-68
9.99764e-69
4.36842e-69
1.90533e-69
8.29542e-70
3.60519e-70
1.56401e-70
6.77296e-71
2.92781e-71
1.26338e-71
5.44196e-72
2.33995e-72
1.00436e-72
4.30335e-73
1.84059e-73
7.85859e-74
3.34941e-74
1.42506e-74
6.0525e-75
2.56613e-75
1.08609e-75
4.58878e-76
1.93541e-76
8.14885e-77
3.42506e-77
1.4371e-77
6.01949e-78
2.517e-78
1.05066e-78
4.37817e-79
1.82129e-79
7.56355e-80
3.13566e-80
1.29776e-80
5.3619e-81
2.2116e-81
9.10666e-82
3.74349e-82
1.53625e-82
6.29379e-83
2.57415e-83
1.05105e-83
4.28438e-84
1.74351e-84
7.0833e-85
2.87291e-85
1.16328e-85
4.70248e-86
1.89779e-86
7.64628e-87
3.07563e-87
1.2351e-87
4.95169e-88
1.98194e-88
7.91983e-89
3.15958e-89
1.25844e-89
5.0041e-90
1.98661e-90
7.87392e-91
3.11576e-91
1.23093e-91
4.85513e-92
1.91191e-92
7.51677e-93
2.95051e-93
1.15628e-93
4.52413e-94
1.7673e-94
6.89274e-95
2.68399e-95
1.04346e-95
4.05025e-96
1.56963e-96
6.07333e-97
2.34621e-97
9.04946e-98
3.48493e-98
1.33993e-98
5.14382e-99
1.97156e-99
7.54492e-100
2.88284e-100
1.09979e-100
4.1891e-101
1.59315e-101
6.04951e-102
2.29356e-102
8.68219e-103
3.28154e-103
1.23839e-103
4.66625e-104
1.75555e-104
6.59463e-105
2.47346e-105
9.26307e-106
3.46373e-106
1.29321e-106
4.82101e-107
1.79451e-107
6.66957e-108
2.47513e-108
9.17248e-109
3.39654e-109
1.26257e-109
4.86971e-110
2.37197e-110
)
;

boundaryField
{
    sides
    {
        type            zeroGradient;
    }
    empty
    {
        type            empty;
    }
}


// ************************************************************************* //
