/*--------------------------------*- C++ -*----------------------------------*\
| =========                 |                                                 |
| \\      /  F ield         | OpenFOAM: The Open Source CFD Toolbox           |
|  \\    /   O peration     | Version:  2312                                  |
|   \\  /    A nd           | Website:  www.openfoam.com                      |
|    \\/     M anipulation  |                                                 |
\*---------------------------------------------------------------------------*/
FoamFile
{
    version     2.0;
    format      ascii;
    arch        "LSB;label=32;scalar=64";
    class       volScalarField;
    location    "3.8";
    object      T;
}
// * * * * * * * * * * * * * * * * * * * * * * * * * * * * * * * * * * * * * //

dimensions      [0 0 0 1 0 0 0];

internalField   nonuniform List<scalar> 
1000
(
2.60726e-83
4.22477e-83
8.52956e-83
1.82369e-82
3.94501e-82
8.54601e-82
1.84989e-81
3.99942e-81
8.63516e-81
1.86191e-80
4.00921e-80
8.62124e-80
1.85136e-79
3.97027e-79
8.50273e-79
1.81846e-78
3.8838e-78
8.28353e-78
1.76433e-77
3.75274e-77
7.97115e-77
1.69082e-76
3.58158e-76
7.57625e-76
1.60042e-75
3.3761e-75
7.11206e-75
1.49614e-74
3.14304e-74
6.5936e-74
1.38131e-73
2.88973e-73
6.03694e-73
1.25942e-72
2.62372e-72
5.4583e-72
1.13394e-71
2.3524e-71
4.8733e-71
1.00815e-70
2.08264e-70
4.29629e-70
8.85031e-70
1.82058e-69
3.73979e-69
7.6713e-69
1.57136e-68
3.21414e-68
6.56502e-68
1.33903e-67
2.72724e-67
5.54675e-67
1.1265e-66
2.28457e-66
4.62653e-66
9.35583e-66
1.88924e-65
3.80948e-65
7.67042e-65
1.54222e-64
3.09633e-64
6.20756e-64
1.2427e-63
2.48417e-63
4.9587e-63
9.88377e-63
1.96719e-62
3.90965e-62
7.75882e-62
1.53752e-61
3.04235e-61
6.01123e-61
1.18599e-60
2.33648e-60
4.59627e-60
9.02838e-60
1.77082e-59
3.46817e-59
6.78241e-59
1.32442e-58
2.58242e-58
5.02785e-58
9.77451e-58
1.89741e-57
3.67776e-57
7.11802e-57
1.37558e-56
2.6544e-56
5.11444e-56
9.83965e-56
1.89021e-55
3.62569e-55
6.94413e-55
1.32798e-54
2.5358e-54
4.83483e-54
9.20434e-54
1.74964e-53
3.32084e-53
6.29345e-53
1.19089e-52
2.25007e-52
4.24482e-52
7.99581e-52
1.50385e-51
2.82412e-51
5.2954e-51
9.91405e-51
1.85327e-50
3.45908e-50
6.44638e-50
1.19951e-49
2.22856e-49
4.13405e-49
7.65699e-49
1.41602e-48
2.61463e-48
4.82036e-48
8.8731e-48
1.63079e-47
2.99258e-47
5.48302e-47
1.00304e-46
1.83205e-46
3.34103e-46
6.08338e-46
1.10594e-45
2.00741e-45
3.63799e-45
6.58272e-45
1.18923e-44
2.14509e-44
3.86314e-44
6.94624e-44
1.24702e-43
2.23518e-43
4.00003e-43
7.14704e-43
1.27497e-42
2.27084e-42
4.03814e-42
7.16944e-42
1.27086e-41
2.24914e-41
3.97414e-41
7.01091e-41
1.23484e-40
2.17146e-40
3.81239e-40
6.68258e-40
1.16948e-39
2.04335e-39
3.56446e-39
6.20789e-39
1.07942e-38
1.87387e-38
3.24775e-38
5.61982e-38
9.70863e-38
1.67451e-37
2.88345e-37
4.95712e-37
8.50823e-37
1.45794e-36
2.49421e-36
4.26005e-36
7.26418e-36
1.23665e-35
2.10181e-35
3.56639e-35
6.04157e-35
1.02178e-34
1.72523e-34
2.90818e-34
4.89416e-34
8.22277e-34
1.37924e-33
2.30963e-33
3.86121e-33
6.44443e-33
1.0738e-32
1.78625e-32
2.96644e-32
4.91819e-32
8.1405e-32
1.34515e-31
2.21904e-31
3.65453e-31
6.00857e-31
9.86238e-31
1.61608e-30
2.64371e-30
4.31753e-30
7.03922e-30
1.14573e-29
1.86168e-29
3.01992e-29
4.89047e-29
7.90626e-29
1.27601e-28
2.0559e-28
3.30684e-28
5.30987e-28
8.51171e-28
1.3621e-27
2.17602e-27
3.47035e-27
5.52514e-27
8.78152e-27
1.39333e-26
2.20695e-26
3.48968e-26
5.50852e-26
8.68034e-26
1.3655e-25
2.14437e-25
3.36169e-25
5.26099e-25
8.21916e-25
1.28185e-24
1.9957e-24
3.1017e-24
4.8123e-24
7.45336e-24
1.15238e-23
1.77864e-23
2.74045e-23
4.21503e-23
6.47175e-23
9.91941e-23
1.51772e-22
2.31813e-22
3.53447e-22
5.3796e-22
8.17363e-22
1.2397e-21
1.87698e-21
2.83685e-21
4.28006e-21
6.44613e-21
9.69132e-21
1.45446e-20
2.17898e-20
3.25865e-20
4.86468e-20
7.24941e-20
1.07841e-19
1.60137e-19
2.37373e-19
3.51236e-19
5.18794e-19
7.64925e-19
1.12582e-18
1.65405e-18
2.42578e-18
3.55124e-18
5.18959e-18
7.57024e-18
1.10233e-17
1.60226e-17
2.32476e-17
3.36702e-17
4.8678e-17
7.02492e-17
1.01197e-16
1.45518e-16
2.08872e-16
2.99271e-16
4.28021e-16
6.11059e-16
8.70797e-16
1.2387e-15
1.75886e-15
2.49293e-15
3.52699e-15
4.98094e-15
7.02151e-15
9.88014e-15
1.38774e-14
1.94564e-14
2.72288e-14
3.80369e-14
5.30386e-14
7.38223e-14
1.02563e-13
1.42234e-13
1.9689e-13
2.72052e-13
3.75221e-13
5.16568e-13
7.09863e-13
9.73703e-13
1.33316e-12
1.82198e-12
2.48548e-12
3.38438e-12
4.59992e-12
6.24059e-12
8.45089e-12
1.1423e-11
1.54121e-11
2.07559e-11
2.79013e-11
3.74374e-11
5.01403e-11
6.70299e-11
8.94434e-11
1.19132e-10
1.58381e-10
2.10174e-10
2.78389e-10
3.68063e-10
4.85723e-10
6.39811e-10
8.41223e-10
1.10399e-09
1.44617e-09
1.89088e-09
2.46778e-09
3.21472e-09
4.17997e-09
5.42499e-09
7.02778e-09
9.08722e-09
1.17284e-08
1.5109e-08
1.94281e-08
2.49354e-08
3.19444e-08
4.08475e-08
5.21349e-08
6.64177e-08
8.44561e-08
1.07194e-07
1.35801e-07
1.71721e-07
2.1674e-07
2.73051e-07
3.43353e-07
4.30952e-07
5.39893e-07
6.75116e-07
8.42636e-07
1.04977e-06
1.30538e-06
1.62021e-06
2.00723e-06
2.48207e-06
3.06353e-06
3.77417e-06
4.64101e-06
5.69632e-06
6.9786e-06
8.53362e-06
1.04158e-05
1.26894e-05
1.54305e-05
1.8729e-05
2.26903e-05
2.74385e-05
3.31186e-05
3.99004e-05
4.79818e-05
5.7593e-05
6.90012e-05
8.25161e-05
9.84953e-05
0.000117351
0.000139559
0.000165661
0.000196283
0.000232135
0.00027403
0.000322889
0.000379758
0.000445821
0.000522413
0.000611039
0.000713387
0.00083135
0.000967042
0.00112282
0.00130131
0.00150542
0.00173836
0.00200369
0.00230531
0.00264751
0.00303499
0.00347287
0.00396672
0.00452261
0.00514709
0.00584725
0.0066307
0.00750561
0.00848074
0.00956541
0.0107695
0.0121037
0.0135789
0.0152068
0.0169998
0.0189707
0.0211327
0.0234998
0.0260863
0.0289069
0.0319767
0.035311
0.0389255
0.0428359
0.0470582
0.051608
0.0565011
0.0617529
0.0673786
0.0733927
0.0798093
0.0866417
0.0939025
0.101603
0.109754
0.118364
0.127442
0.136993
0.147022
0.157532
0.168525
0.179999
0.191952
0.20438
0.217274
0.230626
0.244426
0.258658
0.273308
0.288359
0.303789
0.319577
0.335699
0.35213
0.368842
0.385806
0.402991
0.420366
0.437897
0.455552
0.473294
0.491089
0.508902
0.526697
0.544439
0.562092
0.579622
0.596995
0.614178
0.631138
0.647846
0.664273
0.68039
0.696171
0.711593
0.726634
0.741273
0.755492
0.769275
0.782609
0.795481
0.807882
0.819805
0.831243
0.842194
0.852655
0.862628
0.872113
0.881113
0.889635
0.897684
0.905266
0.912391
0.919068
0.925306
0.931116
0.936509
0.941495
0.946087
0.950294
0.954129
0.957602
0.960722
0.963501
0.965946
0.968066
0.969869
0.971362
0.972549
0.973435
0.974024
0.974317
0.974317
0.974024
0.973435
0.972549
0.971362
0.969869
0.968066
0.965946
0.963501
0.960722
0.957602
0.954129
0.950294
0.946087
0.941495
0.936509
0.931116
0.925306
0.919068
0.912391
0.905266
0.897684
0.889635
0.881113
0.872113
0.862628
0.852655
0.842194
0.831243
0.819805
0.807882
0.795481
0.782609
0.769275
0.755492
0.741273
0.726634
0.711593
0.696171
0.68039
0.664273
0.647846
0.631138
0.614178
0.596995
0.579622
0.562092
0.544439
0.526697
0.508902
0.491089
0.473294
0.455552
0.437897
0.420366
0.402991
0.385806
0.368842
0.35213
0.335699
0.319577
0.303789
0.288359
0.273308
0.258658
0.244426
0.230626
0.217274
0.20438
0.191952
0.179999
0.168525
0.157532
0.147022
0.136993
0.127442
0.118364
0.109754
0.101603
0.0939025
0.0866417
0.0798093
0.0733927
0.0673786
0.0617529
0.0565011
0.051608
0.0470582
0.0428359
0.0389255
0.035311
0.0319767
0.0289069
0.0260863
0.0234998
0.0211327
0.0189707
0.0169998
0.0152068
0.0135789
0.0121037
0.0107695
0.00956541
0.00848074
0.00750561
0.0066307
0.00584725
0.00514709
0.00452261
0.00396672
0.00347287
0.00303499
0.00264751
0.00230531
0.00200369
0.00173836
0.00150542
0.00130131
0.00112282
0.000967042
0.00083135
0.000713387
0.000611039
0.000522413
0.000445821
0.000379758
0.000322889
0.00027403
0.000232135
0.000196283
0.000165661
0.000139559
0.000117351
9.84953e-05
8.25161e-05
6.90012e-05
5.7593e-05
4.79818e-05
3.99004e-05
3.31186e-05
2.74385e-05
2.26903e-05
1.8729e-05
1.54305e-05
1.26894e-05
1.04158e-05
8.53362e-06
6.9786e-06
5.69632e-06
4.64101e-06
3.77417e-06
3.06353e-06
2.48207e-06
2.00723e-06
1.62021e-06
1.30538e-06
1.04977e-06
8.42636e-07
6.75116e-07
5.39893e-07
4.30952e-07
3.43353e-07
2.73051e-07
2.1674e-07
1.71721e-07
1.35801e-07
1.07194e-07
8.44561e-08
6.64177e-08
5.21349e-08
4.08475e-08
3.19444e-08
2.49354e-08
1.94281e-08
1.5109e-08
1.17284e-08
9.08722e-09
7.02778e-09
5.42499e-09
4.17997e-09
3.21472e-09
2.46778e-09
1.89088e-09
1.44617e-09
1.10399e-09
8.41223e-10
6.39811e-10
4.85723e-10
3.68063e-10
2.78389e-10
2.10174e-10
1.58381e-10
1.19132e-10
8.94434e-11
6.70299e-11
5.01403e-11
3.74374e-11
2.79013e-11
2.07559e-11
1.54121e-11
1.1423e-11
8.45089e-12
6.24059e-12
4.59992e-12
3.38438e-12
2.48548e-12
1.82198e-12
1.33316e-12
9.73703e-13
7.09863e-13
5.16568e-13
3.75221e-13
2.72052e-13
1.9689e-13
1.42234e-13
1.02563e-13
7.38223e-14
5.30386e-14
3.80369e-14
2.72288e-14
1.94564e-14
1.38774e-14
9.88014e-15
7.02151e-15
4.98094e-15
3.52699e-15
2.49293e-15
1.75886e-15
1.2387e-15
8.70797e-16
6.11059e-16
4.28021e-16
2.99271e-16
2.08872e-16
1.45518e-16
1.01197e-16
7.02492e-17
4.8678e-17
3.36702e-17
2.32476e-17
1.60226e-17
1.10233e-17
7.57024e-18
5.18959e-18
3.55124e-18
2.42578e-18
1.65405e-18
1.12582e-18
7.64925e-19
5.18794e-19
3.51236e-19
2.37373e-19
1.60137e-19
1.07841e-19
7.24941e-20
4.86468e-20
3.25865e-20
2.17898e-20
1.45446e-20
9.69132e-21
6.44613e-21
4.28006e-21
2.83685e-21
1.87698e-21
1.2397e-21
8.17363e-22
5.3796e-22
3.53447e-22
2.31813e-22
1.51772e-22
9.91941e-23
6.47175e-23
4.21503e-23
2.74045e-23
1.77864e-23
1.15238e-23
7.45336e-24
4.8123e-24
3.1017e-24
1.9957e-24
1.28185e-24
8.21916e-25
5.26099e-25
3.36169e-25
2.14437e-25
1.3655e-25
8.68034e-26
5.50852e-26
3.48968e-26
2.20695e-26
1.39333e-26
8.78152e-27
5.52514e-27
3.47035e-27
2.17602e-27
1.3621e-27
8.51171e-28
5.30987e-28
3.30684e-28
2.0559e-28
1.27601e-28
7.90626e-29
4.89047e-29
3.01992e-29
1.86168e-29
1.14573e-29
7.03922e-30
4.31753e-30
2.64371e-30
1.61608e-30
9.86238e-31
6.00857e-31
3.65453e-31
2.21904e-31
1.34515e-31
8.1405e-32
4.91819e-32
2.96644e-32
1.78625e-32
1.0738e-32
6.44443e-33
3.86121e-33
2.30963e-33
1.37924e-33
8.22277e-34
4.89416e-34
2.90818e-34
1.72523e-34
1.02178e-34
6.04157e-35
3.56639e-35
2.10181e-35
1.23665e-35
7.26418e-36
4.26005e-36
2.49421e-36
1.45794e-36
8.50823e-37
4.95712e-37
2.88345e-37
1.67451e-37
9.70863e-38
5.61982e-38
3.24775e-38
1.87387e-38
1.07942e-38
6.20789e-39
3.56446e-39
2.04335e-39
1.16948e-39
6.68258e-40
3.81239e-40
2.17146e-40
1.23484e-40
7.01091e-41
3.97414e-41
2.24914e-41
1.27086e-41
7.16944e-42
4.03814e-42
2.27084e-42
1.27497e-42
7.14704e-43
4.00003e-43
2.23518e-43
1.24702e-43
6.94624e-44
3.86314e-44
2.14509e-44
1.18923e-44
6.58272e-45
3.63799e-45
2.00741e-45
1.10594e-45
6.08338e-46
3.34103e-46
1.83205e-46
1.00304e-46
5.48302e-47
2.99258e-47
1.63079e-47
8.8731e-48
4.82036e-48
2.61463e-48
1.41602e-48
7.65699e-49
4.13405e-49
2.22856e-49
1.19951e-49
6.44638e-50
3.45908e-50
1.85327e-50
9.91405e-51
5.2954e-51
2.82412e-51
1.50385e-51
7.99581e-52
4.24482e-52
2.25007e-52
1.19089e-52
6.29345e-53
3.32084e-53
1.74964e-53
9.20434e-54
4.83483e-54
2.5358e-54
1.32798e-54
6.94413e-55
3.62569e-55
1.89021e-55
9.83965e-56
5.11444e-56
2.6544e-56
1.37558e-56
7.11802e-57
3.67776e-57
1.89741e-57
9.77451e-58
5.02785e-58
2.58242e-58
1.32442e-58
6.78241e-59
3.46817e-59
1.77082e-59
9.02838e-60
4.59627e-60
2.33648e-60
1.18599e-60
6.01123e-61
3.04235e-61
1.53752e-61
7.75882e-62
3.90965e-62
1.96719e-62
9.88377e-63
4.9587e-63
2.48417e-63
1.2427e-63
6.20756e-64
3.09633e-64
1.54222e-64
7.67042e-65
3.80948e-65
1.88924e-65
9.35583e-66
4.62653e-66
2.28457e-66
1.1265e-66
5.54675e-67
2.72724e-67
1.33903e-67
6.56502e-68
3.21414e-68
1.57136e-68
7.6713e-69
3.73979e-69
1.82058e-69
8.85031e-70
4.29629e-70
2.08264e-70
1.00815e-70
4.8733e-71
2.3524e-71
1.13394e-71
5.4583e-72
2.62372e-72
1.25942e-72
6.03694e-73
2.88973e-73
1.38131e-73
6.5936e-74
3.14304e-74
1.49614e-74
7.11206e-75
3.3761e-75
1.60042e-75
7.57625e-76
3.58158e-76
1.69082e-76
7.97115e-77
3.75274e-77
1.76433e-77
8.28353e-78
3.8838e-78
1.81846e-78
8.50273e-79
3.97027e-79
1.85136e-79
8.62124e-80
4.00921e-80
1.86191e-80
8.63516e-81
3.99942e-81
1.84989e-81
8.54601e-82
3.94501e-82
1.82369e-82
8.52956e-83
4.22477e-83
2.60726e-83
)
;

boundaryField
{
    sides
    {
        type            zeroGradient;
    }
    empty
    {
        type            empty;
    }
}


// ************************************************************************* //
