/*--------------------------------*- C++ -*----------------------------------*\
| =========                 |                                                 |
| \\      /  F ield         | OpenFOAM: The Open Source CFD Toolbox           |
|  \\    /   O peration     | Version:  2312                                  |
|   \\  /    A nd           | Website:  www.openfoam.com                      |
|    \\/     M anipulation  |                                                 |
\*---------------------------------------------------------------------------*/
FoamFile
{
    version     2.0;
    format      ascii;
    arch        "LSB;label=32;scalar=64";
    class       volScalarField;
    location    "3.5";
    object      T;
}
// * * * * * * * * * * * * * * * * * * * * * * * * * * * * * * * * * * * * * //

dimensions      [0 0 0 1 0 0 0];

internalField   nonuniform List<scalar> 
1000
(
0
0
0
0
0
0
0
0
0
0
0
0
0
0
0
0
0
0
0
0
0
0
0
0
0
0
0
0
0
0
0
0
0
0
0
0
0
0
0
0
0
0
0
0
0
0
0
0
0
0
0
0
0
0
0
0
0
0
0
0
0
0
0
0
0
0
0
0
0
0
0
0
0
0
0
0
0
0
0
0
0
0
0
0
0
0
0
0
0
0
0
0
0
0
0
0
0
0
0
0
0
0
0
0
0
0
0
0
0
0
0
0
0
0
0
0
0
0
0
0
0
0
0
0
0
0
0
0
0
0
0
0
0
0
0
0
0
0
0
0
0
0
0
0
0
0
0
0
0
0
0
0
0
0
0
0
0
0
0
0
0
0
0
0
0
0
0
0
0
0
0
0
0
0
0
0
0
0
0
0
0
0
0
0
0
0
0
0
0
0
0
0
0
0
0
0
0
0
0
0
0
0
0
0
0
0
0
0
0
0
0
0
0
0
0
0
0
0
0
0
0
0
0
0
0
0
0
0
0
0
0
0
0
0
0
0
0
1.77864e-322
1.80877e-320
1.48416e-318
1.20852e-316
9.79646e-315
7.90549e-313
6.35073e-311
5.07859e-309
4.04276e-307
3.20344e-305
2.52668e-303
1.98367e-301
1.5501e-299
1.20563e-297
9.33298e-296
7.19065e-294
5.51374e-292
4.2077e-290
3.19559e-288
2.4152e-286
1.81653e-284
1.35958e-282
1.01258e-280
7.50426e-279
5.5338e-277
4.06037e-275
2.96431e-273
2.1532e-271
1.55609e-269
1.11883e-267
8.00306e-266
5.6951e-264
4.03169e-262
2.83922e-260
1.98895e-258
1.38595e-256
9.60637e-255
6.62282e-253
4.54136e-251
3.09723e-249
2.10083e-247
1.41718e-245
9.50743e-244
6.3429e-242
4.20809e-240
2.77613e-238
1.82111e-236
1.18785e-234
7.70366e-233
4.9674e-231
3.1845e-229
2.02963e-227
1.286e-225
8.1002e-224
5.07184e-222
3.1567e-220
1.9529e-218
1.20086e-216
7.33919e-215
4.45793e-213
2.69108e-211
1.61441e-209
9.62437e-208
5.70146e-206
3.3561e-204
1.96291e-202
1.14068e-200
6.58569e-199
3.77744e-197
2.15243e-195
1.21837e-193
6.85051e-192
3.82596e-190
2.12232e-188
1.16927e-186
6.39769e-185
3.47632e-183
1.87577e-181
1.00504e-179
5.34688e-178
2.82431e-176
1.48113e-174
7.71117e-173
3.98536e-171
2.0446e-169
1.04117e-167
5.26228e-166
2.63965e-164
1.31404e-162
6.49131e-161
3.18194e-159
1.5476e-157
7.46801e-156
3.5752e-154
1.69791e-152
7.99873e-151
3.73754e-149
1.73212e-147
7.96103e-146
3.62847e-144
1.63988e-142
7.34846e-141
3.26473e-139
1.4379e-137
6.27776e-136
2.7167e-134
1.1652e-132
4.95275e-131
2.08613e-129
8.70653e-128
3.60015e-126
1.47478e-124
5.98444e-123
2.4053e-121
9.57461e-120
3.7743e-118
1.47323e-116
5.6935e-115
2.17829e-113
8.24964e-112
3.09234e-110
1.14716e-108
4.21111e-107
1.52951e-105
5.49592e-104
1.95347e-102
6.86749e-101
2.38758e-99
8.20783e-98
2.78967e-96
9.37282e-95
3.11258e-93
1.02151e-91
3.31258e-90
1.06129e-88
3.35871e-87
1.04982e-85
3.24034e-84
9.87478e-83
2.97064e-81
8.82028e-80
2.58431e-78
7.47066e-77
2.13029e-75
5.99104e-74
1.66134e-72
4.54171e-71
1.22375e-69
3.24922e-68
8.49932e-67
2.1898e-65
5.55565e-64
1.38761e-62
3.41109e-61
8.25076e-60
1.96314e-58
4.5935e-57
1.05668e-55
2.389e-54
5.30675e-53
1.15782e-51
2.48029e-50
5.21511e-49
1.07589e-47
2.17695e-46
4.31854e-45
8.39569e-44
1.5989e-42
2.98155e-41
5.44145e-40
9.71474e-39
1.69579e-37
2.89276e-36
4.81956e-35
7.83808e-34
1.24353e-32
1.92339e-31
2.89837e-30
4.25218e-29
6.06898e-28
8.42028e-27
1.13471e-25
1.4839e-24
1.88143e-23
2.31047e-22
2.74529e-21
3.15254e-20
3.4946e-19
3.73459e-18
3.84235e-17
3.80029e-16
3.60752e-15
3.28112e-14
2.85393e-13
2.36912e-12
1.8728e-11
1.40636e-10
1.00057e-09
6.72445e-09
4.25514e-08
2.52605e-07
1.40115e-06
7.2289e-06
3.45133e-05
0.000151609
0.000608779
0.00221814
0.00727297
0.0212631
0.0548791
0.123783
0.241835
0.407194
0.592806
0.758165
0.876217
0.945121
0.978737
0.992727
0.997782
0.999391
0.999848
0.999965
0.999993
0.999999
1
1
1
1
1
1
1
1
1
1
1
1
1
1
1
1
1
1
1
1
1
1
1
1
1
1
1
1
1
1
1
1
1
1
1
1
1
1
1
1
1
1
1
1
1
1
1
1
1
1
1
1
1
1
1
1
1
1
1
1
1
1
1
1
1
1
1
1
1
1
1
1
1
1
1
1
0.999999
0.999993
0.999965
0.999848
0.999391
0.997782
0.992727
0.978737
0.945121
0.876217
0.758165
0.592806
0.407194
0.241835
0.123783
0.0548791
0.0212631
0.00727297
0.00221814
0.000608779
0.000151609
3.45133e-05
7.2289e-06
1.40115e-06
2.52605e-07
4.25514e-08
6.72445e-09
1.00057e-09
1.40636e-10
1.8728e-11
2.36912e-12
2.85393e-13
3.28112e-14
3.60752e-15
3.80029e-16
3.84235e-17
3.73459e-18
3.4946e-19
3.15254e-20
2.74529e-21
2.31047e-22
1.88143e-23
1.4839e-24
1.13471e-25
8.42028e-27
6.06898e-28
4.25218e-29
2.89837e-30
1.92339e-31
1.24353e-32
7.83808e-34
4.81956e-35
2.89276e-36
1.69579e-37
9.71474e-39
5.44145e-40
2.98155e-41
1.5989e-42
8.39569e-44
4.31854e-45
2.17695e-46
1.07589e-47
5.21511e-49
2.48029e-50
1.15782e-51
5.30675e-53
2.389e-54
1.05668e-55
4.5935e-57
1.96314e-58
8.25076e-60
3.41109e-61
1.38761e-62
5.55565e-64
2.1898e-65
8.49932e-67
3.24922e-68
1.22375e-69
4.54171e-71
1.66134e-72
5.99104e-74
2.13029e-75
7.47066e-77
2.58431e-78
8.82028e-80
2.97064e-81
9.87478e-83
3.24034e-84
1.04982e-85
3.35871e-87
1.06129e-88
3.31258e-90
1.02151e-91
3.11258e-93
9.37282e-95
2.78967e-96
8.20783e-98
2.38758e-99
6.86749e-101
1.95347e-102
5.49592e-104
1.52951e-105
4.21111e-107
1.14716e-108
3.09234e-110
8.24964e-112
2.17829e-113
5.6935e-115
1.47323e-116
3.7743e-118
9.57461e-120
2.4053e-121
5.98444e-123
1.47478e-124
3.60015e-126
8.70653e-128
2.08613e-129
4.95275e-131
1.1652e-132
2.7167e-134
6.27776e-136
1.4379e-137
3.26473e-139
7.34846e-141
1.63988e-142
3.62847e-144
7.96103e-146
1.73212e-147
3.73754e-149
7.99873e-151
1.69791e-152
3.5752e-154
7.46801e-156
1.5476e-157
3.18194e-159
6.49131e-161
1.31404e-162
2.63965e-164
5.26228e-166
1.04117e-167
2.0446e-169
3.98536e-171
7.71117e-173
1.48113e-174
2.82431e-176
5.34688e-178
1.00504e-179
1.87577e-181
3.47632e-183
6.39769e-185
1.16927e-186
2.12232e-188
3.82596e-190
6.85051e-192
1.21837e-193
2.15243e-195
3.77744e-197
6.58569e-199
1.14068e-200
1.96291e-202
3.3561e-204
5.70146e-206
9.62437e-208
1.61441e-209
2.69108e-211
4.45793e-213
7.33919e-215
1.20086e-216
1.9529e-218
3.1567e-220
5.07184e-222
8.1002e-224
1.286e-225
2.02963e-227
3.1845e-229
4.9674e-231
7.70366e-233
1.18785e-234
1.82111e-236
2.77613e-238
4.20809e-240
6.3429e-242
9.50743e-244
1.41718e-245
2.10083e-247
3.09723e-249
4.54136e-251
6.62282e-253
9.60637e-255
1.38595e-256
1.98895e-258
2.83922e-260
4.03169e-262
5.6951e-264
8.00306e-266
1.11883e-267
1.55609e-269
2.1532e-271
2.96431e-273
4.06037e-275
5.5338e-277
7.50426e-279
1.01258e-280
1.35958e-282
1.81653e-284
2.4152e-286
3.19559e-288
4.2077e-290
5.51374e-292
7.19065e-294
9.33298e-296
1.20563e-297
1.5501e-299
1.98367e-301
2.52668e-303
3.20344e-305
4.04276e-307
5.07859e-309
6.35073e-311
7.90549e-313
9.79646e-315
1.20852e-316
1.48416e-318
1.80877e-320
1.77864e-322
0
0
0
0
0
0
0
0
0
0
0
0
0
0
0
0
0
0
0
0
0
0
0
0
0
0
0
0
0
0
0
0
0
0
0
0
0
0
0
0
0
0
0
0
0
0
0
0
0
0
0
0
0
0
0
0
0
0
0
0
0
0
0
0
0
0
0
0
0
0
0
0
0
0
0
0
0
0
0
0
0
0
0
0
0
0
0
0
0
0
0
0
0
0
0
0
0
0
0
0
0
0
0
0
0
0
0
0
0
0
0
0
0
0
0
0
0
0
0
0
0
0
0
0
0
0
0
0
0
0
0
0
0
0
0
0
0
0
0
0
0
0
0
0
0
0
0
0
0
0
0
0
0
0
0
0
0
0
0
0
0
0
0
0
0
0
0
0
0
0
0
0
0
0
0
0
0
0
0
0
0
0
0
0
0
0
0
0
0
0
0
0
0
0
0
0
0
0
0
0
0
0
0
0
0
0
0
0
0
0
0
0
0
0
0
0
0
0
0
0
0
0
0
0
0
0
0
0
0
0
0
0
0
0
0
0
0
)
;

boundaryField
{
    sides
    {
        type            zeroGradient;
    }
    empty
    {
        type            empty;
    }
}


// ************************************************************************* //
