/*--------------------------------*- C++ -*----------------------------------*\
| =========                 |                                                 |
| \\      /  F ield         | OpenFOAM: The Open Source CFD Toolbox           |
|  \\    /   O peration     | Version:  2312                                  |
|   \\  /    A nd           | Website:  www.openfoam.com                      |
|    \\/     M anipulation  |                                                 |
\*---------------------------------------------------------------------------*/
FoamFile
{
    version     2.0;
    format      ascii;
    arch        "LSB;label=32;scalar=64";
    class       volScalarField;
    location    "4.6";
    object      T;
}
// * * * * * * * * * * * * * * * * * * * * * * * * * * * * * * * * * * * * * //

dimensions      [0 0 0 1 0 0 0];

internalField   nonuniform List<scalar> 
1000
(
0
0
0
0
0
0
0
0
0
0
0
0
0
0
0
0
0
0
0
0
0
0
0
0
0
0
0
0
0
0
0
0
0
0
0
0
0
0
0
0
0
0
0
0
0
0
0
0
0
0
0
0
0
0
0
0
0
0
0
0
0
0
0
0
0
0
0
0
0
0
0
0
0
0
0
0
0
0
0
0
0
0
0
0
0
0
0
0
0
0
0
0
0
0
0
0
0
0
0
0
0
0
0
0
0
0
0
0
0
0
0
0
0
0
0
0
0
0
0
0
0
0
0
0
0
0
0
0
0
0
0
0
0
0
0
0
0
0
0
0
0
0
0
0
0
0
0
0
0
0
0
0
0
0
0
0
0
0
0
0
0
0
0
0
0
0
0
0
0
0
0
0
0
0
0
0
0
0
0
0
0
0
0
0
0
0
0
0
0
0
0
0
0
0
0
0
0
0
0
0
0
0
0
0
0
0
0
0
0
0
0
0
0
0
0
0
0
0
0
0
0
0
0
0
4.74303e-322
3.53158e-320
2.3624e-318
1.57104e-316
1.04029e-314
6.85895e-313
4.5029e-311
2.9434e-309
1.91566e-307
1.24134e-305
8.00864e-304
5.14413e-302
3.28958e-300
2.09429e-298
1.32736e-296
8.37509e-295
5.26051e-293
3.28924e-291
2.0473e-289
1.26846e-287
7.82291e-286
4.80231e-284
2.93434e-282
1.78459e-280
1.08025e-278
6.50814e-277
3.90235e-275
2.32875e-273
1.38303e-271
8.17424e-270
4.8079e-268
2.81413e-266
1.6391e-264
9.50003e-263
5.47889e-261
3.1441e-259
1.79525e-257
1.01992e-255
5.7651e-254
3.24218e-252
1.81402e-250
1.00975e-248
5.59158e-247
3.08031e-245
1.68803e-243
9.20197e-242
4.98976e-240
2.69132e-238
1.44386e-236
7.70451e-235
4.08894e-233
2.15829e-231
1.13299e-229
5.91489e-228
3.07085e-226
1.58542e-224
8.13941e-223
4.15515e-221
2.10917e-219
1.06452e-217
5.3419e-216
2.66516e-214
1.32197e-212
6.51886e-211
3.19566e-209
1.55729e-207
7.54371e-206
3.63235e-204
1.73845e-202
8.26971e-201
3.90981e-199
1.83713e-197
8.5788e-196
3.98104e-194
1.83583e-192
8.41227e-191
3.83022e-189
1.73278e-187
7.78847e-186
3.47802e-184
1.54299e-182
6.80023e-181
2.97711e-179
1.29466e-177
5.59226e-176
2.3992e-174
1.02228e-172
4.32595e-171
1.81792e-169
7.58626e-168
3.14354e-166
1.29337e-164
5.28349e-163
2.14282e-161
8.62765e-160
3.44842e-158
1.36817e-156
5.38805e-155
2.10603e-153
8.16991e-152
3.14528e-150
1.20162e-148
4.55525e-147
1.71343e-145
6.39444e-144
2.36751e-142
8.69571e-141
3.1682e-139
1.14495e-137
4.10385e-136
1.45882e-134
5.1426e-133
1.79764e-131
6.23062e-130
2.14108e-128
7.29414e-127
2.46332e-125
8.24591e-124
2.73584e-122
8.99585e-121
2.93127e-119
9.46438e-118
3.02772e-116
9.59587e-115
3.01273e-113
9.3692e-112
2.88582e-110
8.80277e-109
2.65894e-107
7.9523e-106
2.35466e-104
6.9019e-103
2.00247e-101
5.75011e-100
1.63398e-98
4.59442e-97
1.27813e-95
3.51746e-94
9.57502e-93
2.57782e-91
6.86296e-90
1.8066e-88
4.70156e-87
1.20947e-85
3.07511e-84
7.72635e-83
1.91811e-81
4.70429e-80
1.13964e-78
2.72662e-77
6.44162e-76
1.50248e-74
3.45931e-73
7.8607e-72
1.76257e-70
3.89911e-69
8.50813e-68
1.83092e-66
3.88493e-65
8.12617e-64
1.67527e-62
3.40319e-61
6.81069e-60
1.34245e-58
2.60559e-57
4.97856e-56
9.36232e-55
1.73233e-53
3.15301e-52
5.64349e-51
9.9305e-50
1.71738e-48
2.91806e-47
4.86989e-46
7.97986e-45
1.28343e-43
2.02531e-42
3.1347e-41
4.75679e-40
7.0741e-39
1.03059e-37
1.47017e-36
2.05267e-35
2.80372e-34
3.74454e-33
4.88749e-32
6.23105e-31
7.75493e-30
9.41623e-29
1.11478e-27
1.28596e-26
1.44442e-25
1.5786e-24
1.67737e-23
1.73147e-22
1.73484e-21
1.68565e-20
1.5868e-19
1.44572e-18
1.27344e-17
1.08319e-16
8.88649e-16
7.02227e-15
5.33745e-14
3.89617e-13
2.72697e-12
1.82681e-11
1.16909e-10
7.13259e-10
4.13913e-09
2.27913e-08
1.18759e-07
5.83878e-07
2.69985e-06
1.16999e-05
4.73324e-05
0.000177994
0.000619272
0.00198313
0.00581296
0.0155042
0.0373987
0.0811049
0.157328
0.272103
0.419676
0.580324
0.727897
0.842672
0.918895
0.962601
0.984496
0.994187
0.998017
0.999381
0.999822
0.999953
0.999988
0.999997
0.999999
1
1
1
1
1
1
1
1
1
1
1
1
1
1
1
1
1
1
1
1
1
1
1
1
1
1
1
1
1
1
1
1
1
1
1
1
1
1
1
1
1
1
1
1
1
1
1
1
1
1
1
1
1
1
1
1
1
1
1
1
1
1
1
1
1
1
1
1
1
1
1
1
0.999999
0.999997
0.999988
0.999953
0.999822
0.999381
0.998017
0.994187
0.984496
0.962601
0.918895
0.842672
0.727897
0.580324
0.419676
0.272103
0.157328
0.0811049
0.0373987
0.0155042
0.00581296
0.00198313
0.000619272
0.000177994
4.73324e-05
1.16999e-05
2.69985e-06
5.83878e-07
1.18759e-07
2.27913e-08
4.13913e-09
7.13259e-10
1.16909e-10
1.82681e-11
2.72697e-12
3.89617e-13
5.33745e-14
7.02227e-15
8.88649e-16
1.08319e-16
1.27344e-17
1.44572e-18
1.5868e-19
1.68565e-20
1.73484e-21
1.73147e-22
1.67737e-23
1.5786e-24
1.44442e-25
1.28596e-26
1.11478e-27
9.41623e-29
7.75493e-30
6.23105e-31
4.88749e-32
3.74454e-33
2.80372e-34
2.05267e-35
1.47017e-36
1.03059e-37
7.0741e-39
4.75679e-40
3.1347e-41
2.02531e-42
1.28343e-43
7.97986e-45
4.86989e-46
2.91806e-47
1.71738e-48
9.9305e-50
5.64349e-51
3.15301e-52
1.73233e-53
9.36232e-55
4.97856e-56
2.60559e-57
1.34245e-58
6.81069e-60
3.40319e-61
1.67527e-62
8.12617e-64
3.88493e-65
1.83092e-66
8.50813e-68
3.89911e-69
1.76257e-70
7.8607e-72
3.45931e-73
1.50248e-74
6.44162e-76
2.72662e-77
1.13964e-78
4.70429e-80
1.91811e-81
7.72635e-83
3.07511e-84
1.20947e-85
4.70156e-87
1.8066e-88
6.86296e-90
2.57782e-91
9.57502e-93
3.51746e-94
1.27813e-95
4.59442e-97
1.63398e-98
5.75011e-100
2.00247e-101
6.9019e-103
2.35466e-104
7.9523e-106
2.65894e-107
8.80277e-109
2.88582e-110
9.3692e-112
3.01273e-113
9.59587e-115
3.02772e-116
9.46438e-118
2.93127e-119
8.99585e-121
2.73584e-122
8.24591e-124
2.46332e-125
7.29414e-127
2.14108e-128
6.23062e-130
1.79764e-131
5.1426e-133
1.45882e-134
4.10385e-136
1.14495e-137
3.1682e-139
8.69571e-141
2.36751e-142
6.39444e-144
1.71343e-145
4.55525e-147
1.20162e-148
3.14528e-150
8.16991e-152
2.10603e-153
5.38805e-155
1.36817e-156
3.44842e-158
8.62765e-160
2.14282e-161
5.28349e-163
1.29337e-164
3.14354e-166
7.58626e-168
1.81792e-169
4.32595e-171
1.02228e-172
2.3992e-174
5.59226e-176
1.29466e-177
2.97711e-179
6.80023e-181
1.54299e-182
3.47802e-184
7.78847e-186
1.73278e-187
3.83022e-189
8.41227e-191
1.83583e-192
3.98104e-194
8.5788e-196
1.83713e-197
3.90981e-199
8.26971e-201
1.73845e-202
3.63235e-204
7.54371e-206
1.55729e-207
3.19566e-209
6.51886e-211
1.32197e-212
2.66516e-214
5.3419e-216
1.06452e-217
2.10917e-219
4.15515e-221
8.13941e-223
1.58542e-224
3.07085e-226
5.91489e-228
1.13299e-229
2.15829e-231
4.08894e-233
7.70451e-235
1.44386e-236
2.69132e-238
4.98976e-240
9.20197e-242
1.68803e-243
3.08031e-245
5.59158e-247
1.00975e-248
1.81402e-250
3.24218e-252
5.7651e-254
1.01992e-255
1.79525e-257
3.1441e-259
5.47889e-261
9.50003e-263
1.6391e-264
2.81413e-266
4.8079e-268
8.17424e-270
1.38303e-271
2.32875e-273
3.90235e-275
6.50814e-277
1.08025e-278
1.78459e-280
2.93434e-282
4.80231e-284
7.82291e-286
1.26846e-287
2.0473e-289
3.28924e-291
5.26051e-293
8.37509e-295
1.32736e-296
2.09429e-298
3.28958e-300
5.14413e-302
8.00864e-304
1.24134e-305
1.91566e-307
2.9434e-309
4.5029e-311
6.85895e-313
1.04029e-314
1.57104e-316
2.3624e-318
3.53158e-320
4.74303e-322
0
0
0
0
0
0
0
0
0
0
0
0
0
0
0
0
0
0
0
0
0
0
0
0
0
0
0
0
0
0
0
0
0
0
0
0
0
0
0
0
0
0
0
0
0
0
0
0
0
0
0
0
0
0
0
0
0
0
0
0
0
0
0
0
0
0
0
0
0
0
0
0
0
0
0
0
0
0
0
0
0
0
0
0
0
0
0
0
0
0
0
0
0
0
0
0
0
0
0
0
0
0
0
0
0
0
0
0
0
0
0
0
0
0
0
0
0
0
0
0
0
0
0
0
0
0
0
0
0
0
0
0
0
0
0
0
0
0
0
0
0
0
0
0
0
0
0
0
0
0
0
0
0
0
0
0
0
0
0
0
0
0
0
0
0
0
0
0
0
0
0
0
0
0
0
0
0
0
0
0
0
0
0
0
0
0
0
0
0
0
0
0
0
0
0
0
0
0
0
0
0
0
0
0
0
0
0
0
0
0
0
0
0
0
0
0
0
0
0
0
0
0
0
0
)
;

boundaryField
{
    sides
    {
        type            zeroGradient;
    }
    empty
    {
        type            empty;
    }
}


// ************************************************************************* //
