/*--------------------------------*- C++ -*----------------------------------*\
| =========                 |                                                 |
| \\      /  F ield         | OpenFOAM: The Open Source CFD Toolbox           |
|  \\    /   O peration     | Version:  2312                                  |
|   \\  /    A nd           | Website:  www.openfoam.com                      |
|    \\/     M anipulation  |                                                 |
\*---------------------------------------------------------------------------*/
FoamFile
{
    version     2.0;
    format      ascii;
    arch        "LSB;label=32;scalar=64";
    class       volScalarField;
    location    "2.2";
    object      T;
}
// * * * * * * * * * * * * * * * * * * * * * * * * * * * * * * * * * * * * * //

dimensions      [0 0 0 1 0 0 0];

internalField   nonuniform List<scalar> 
1000
(
0
0
0
0
0
0
0
0
0
0
0
0
0
0
0
0
0
0
0
0
0
0
0
0
0
0
0
0
0
0
0
0
0
0
0
0
0
0
0
0
0
0
0
0
0
0
0
0
0
0
0
0
0
0
0
0
0
0
0
0
0
0
0
0
0
0
0
0
0
0
0
0
0
0
0
0
0
0
0
0
0
0
0
0
0
0
0
0
0
0
0
0
0
0
0
0
0
0
0
0
0
0
0
0
0
0
0
0
0
0
0
0
0
0
0
0
0
0
0
0
0
0
0
0
0
0
0
0
0
0
0
0
0
0
0
0
0
0
0
0
0
0
0
0
0
0
0
0
0
0
0
0
0
0
0
0
0
0
0
0
0
0
0
0
0
0
0
0
0
0
0
0
0
0
0
0
0
0
0
0
0
0
0
0
0
0
0
0
0
0
0
0
0
0
0
0
0
0
0
0
0
0
0
0
0
0
0
0
0
0
0
0
0
0
0
0
0
0
0
0
0
0
0
0
0
0
0
0
0
0
0
0
0
0
0
0
0
0
0
0
0
0
0
0
0
0
0
0
0
0
0
0
0
0
0
0
0
2.58396e-321
3.02175e-319
3.47398e-317
3.97447e-315
4.52515e-313
5.12716e-311
5.78096e-309
6.48618e-307
7.24155e-305
8.04481e-303
8.89261e-301
9.78044e-299
1.07026e-296
1.16523e-294
1.26216e-292
1.36012e-290
1.45811e-288
1.55504e-286
1.64973e-284
1.74099e-282
1.82756e-280
1.90822e-278
1.98177e-276
2.04705e-274
2.103e-272
2.14869e-270
2.1833e-268
2.2062e-266
2.21693e-264
2.21524e-262
2.20107e-260
2.17457e-258
2.13613e-256
2.08629e-254
2.02583e-252
1.95566e-250
1.87684e-248
1.79056e-246
1.69809e-244
1.60076e-242
1.49991e-240
1.39689e-238
1.29299e-236
1.18945e-234
1.08743e-232
9.87949e-231
8.91928e-229
8.00141e-227
7.13223e-225
6.31663e-223
5.5581e-221
4.85878e-219
4.21956e-217
3.6402e-215
3.11945e-213
2.65525e-211
2.24483e-209
1.88491e-207
1.57182e-205
1.30166e-203
1.07042e-201
8.74059e-200
7.08661e-198
5.70455e-196
4.55895e-194
3.61695e-192
2.84858e-190
2.22688e-188
1.72791e-186
1.33067e-184
1.017e-182
7.71342e-181
5.80516e-179
4.33507e-177
3.21191e-175
2.36094e-173
1.7216e-171
1.24529e-169
8.93458e-168
6.35778e-166
4.48677e-164
3.13997e-162
2.17895e-160
1.49922e-158
1.02269e-156
6.91584e-155
4.63591e-153
3.08018e-151
2.02829e-149
1.32361e-147
8.55903e-146
5.48384e-144
3.48097e-142
2.18891e-140
1.36341e-138
8.41112e-137
5.13883e-135
3.10894e-133
1.86232e-131
1.10443e-129
6.48371e-128
3.76752e-126
2.16664e-124
1.23301e-122
6.94289e-121
3.86773e-119
2.13137e-117
1.1617e-115
6.26187e-114
3.33756e-112
1.75878e-110
9.16194e-109
4.71732e-107
2.40034e-105
1.20684e-103
5.99463e-102
2.94131e-100
1.42532e-98
6.82032e-97
3.22214e-95
1.50263e-93
6.91597e-92
3.14096e-90
1.40734e-88
6.21977e-87
2.71083e-85
1.16491e-83
4.9346e-82
2.06007e-80
8.47397e-79
3.4337e-77
1.37026e-75
5.38394e-74
2.0823e-72
7.92526e-71
2.96752e-69
1.09284e-67
3.95713e-66
1.4084e-64
4.9256e-63
1.69214e-61
5.70835e-60
1.89029e-58
6.14228e-57
1.95772e-55
6.11811e-54
1.87392e-52
5.62299e-51
1.65223e-49
4.75177e-48
1.33694e-46
3.67806e-45
9.8888e-44
2.59683e-42
6.65675e-41
1.66469e-39
4.05861e-38
9.6404e-37
2.22934e-35
5.01523e-34
1.09671e-32
2.32921e-31
4.80013e-30
9.58978e-29
1.85539e-27
3.47264e-26
6.28031e-25
1.09613e-23
1.84383e-22
2.98495e-21
4.64347e-20
6.92962e-19
9.90263e-18
1.35241e-16
1.76134e-15
2.18238e-14
2.56587e-13
2.85432e-12
2.9946e-11
2.95244e-10
2.72442e-09
2.34222e-08
1.86625e-07
1.3699e-06
9.19919e-06
5.60539e-05
0.000306941
0.00149306
0.00636259
0.0233564
0.0723759
0.18492
0.380237
0.619763
0.81508
0.927624
0.976644
0.993637
0.998507
0.999693
0.999944
0.999991
0.999999
1
1
1
1
1
1
1
1
1
1
1
1
1
1
1
1
1
1
1
1
1
1
1
1
1
1
1
1
1
1
1
1
1
1
1
1
1
1
1
1
1
1
1
1
1
1
1
1
1
1
1
1
1
1
1
1
1
1
1
1
1
1
1
1
1
1
1
1
1
1
1
1
1
1
1
1
1
1
1
1
0.999999
0.999991
0.999944
0.999693
0.998507
0.993637
0.976644
0.927624
0.81508
0.619763
0.380237
0.18492
0.0723759
0.0233564
0.00636259
0.00149306
0.000306941
5.60539e-05
9.19919e-06
1.3699e-06
1.86625e-07
2.34222e-08
2.72442e-09
2.95244e-10
2.9946e-11
2.85432e-12
2.56587e-13
2.18238e-14
1.76134e-15
1.35241e-16
9.90263e-18
6.92962e-19
4.64347e-20
2.98495e-21
1.84383e-22
1.09613e-23
6.28031e-25
3.47264e-26
1.85539e-27
9.58978e-29
4.80013e-30
2.32921e-31
1.09671e-32
5.01523e-34
2.22934e-35
9.6404e-37
4.05861e-38
1.66469e-39
6.65675e-41
2.59683e-42
9.8888e-44
3.67806e-45
1.33694e-46
4.75177e-48
1.65223e-49
5.62299e-51
1.87392e-52
6.11811e-54
1.95772e-55
6.14228e-57
1.89029e-58
5.70835e-60
1.69214e-61
4.9256e-63
1.4084e-64
3.95713e-66
1.09284e-67
2.96752e-69
7.92526e-71
2.0823e-72
5.38394e-74
1.37026e-75
3.4337e-77
8.47397e-79
2.06007e-80
4.9346e-82
1.16491e-83
2.71083e-85
6.21977e-87
1.40734e-88
3.14096e-90
6.91597e-92
1.50263e-93
3.22214e-95
6.82032e-97
1.42532e-98
2.94131e-100
5.99463e-102
1.20684e-103
2.40034e-105
4.71732e-107
9.16194e-109
1.75878e-110
3.33756e-112
6.26187e-114
1.1617e-115
2.13137e-117
3.86773e-119
6.94289e-121
1.23301e-122
2.16664e-124
3.76752e-126
6.48371e-128
1.10443e-129
1.86232e-131
3.10894e-133
5.13883e-135
8.41112e-137
1.36341e-138
2.18891e-140
3.48097e-142
5.48384e-144
8.55903e-146
1.32361e-147
2.02829e-149
3.08018e-151
4.63591e-153
6.91584e-155
1.02269e-156
1.49922e-158
2.17895e-160
3.13997e-162
4.48677e-164
6.35778e-166
8.93458e-168
1.24529e-169
1.7216e-171
2.36094e-173
3.21191e-175
4.33507e-177
5.80516e-179
7.71342e-181
1.017e-182
1.33067e-184
1.72791e-186
2.22688e-188
2.84858e-190
3.61695e-192
4.55895e-194
5.70455e-196
7.08661e-198
8.74059e-200
1.07042e-201
1.30166e-203
1.57182e-205
1.88491e-207
2.24483e-209
2.65525e-211
3.11945e-213
3.6402e-215
4.21956e-217
4.85878e-219
5.5581e-221
6.31663e-223
7.13223e-225
8.00141e-227
8.91928e-229
9.87949e-231
1.08743e-232
1.18945e-234
1.29299e-236
1.39689e-238
1.49991e-240
1.60076e-242
1.69809e-244
1.79056e-246
1.87684e-248
1.95566e-250
2.02583e-252
2.08629e-254
2.13613e-256
2.17457e-258
2.20107e-260
2.21524e-262
2.21693e-264
2.2062e-266
2.1833e-268
2.14869e-270
2.103e-272
2.04705e-274
1.98177e-276
1.90822e-278
1.82756e-280
1.74099e-282
1.64973e-284
1.55504e-286
1.45811e-288
1.36012e-290
1.26216e-292
1.16523e-294
1.07026e-296
9.78044e-299
8.89261e-301
8.04481e-303
7.24155e-305
6.48618e-307
5.78096e-309
5.12716e-311
4.52515e-313
3.97447e-315
3.47398e-317
3.02175e-319
2.58396e-321
0
0
0
0
0
0
0
0
0
0
0
0
0
0
0
0
0
0
0
0
0
0
0
0
0
0
0
0
0
0
0
0
0
0
0
0
0
0
0
0
0
0
0
0
0
0
0
0
0
0
0
0
0
0
0
0
0
0
0
0
0
0
0
0
0
0
0
0
0
0
0
0
0
0
0
0
0
0
0
0
0
0
0
0
0
0
0
0
0
0
0
0
0
0
0
0
0
0
0
0
0
0
0
0
0
0
0
0
0
0
0
0
0
0
0
0
0
0
0
0
0
0
0
0
0
0
0
0
0
0
0
0
0
0
0
0
0
0
0
0
0
0
0
0
0
0
0
0
0
0
0
0
0
0
0
0
0
0
0
0
0
0
0
0
0
0
0
0
0
0
0
0
0
0
0
0
0
0
0
0
0
0
0
0
0
0
0
0
0
0
0
0
0
0
0
0
0
0
0
0
0
0
0
0
0
0
0
0
0
0
0
0
0
0
0
0
0
0
0
0
0
0
0
0
0
0
0
0
0
0
0
0
0
0
0
0
0
0
0
0
0
0
0
0
0
0
0
0
0
0
0
0
0
0
0
0
0
)
;

boundaryField
{
    sides
    {
        type            zeroGradient;
    }
    empty
    {
        type            empty;
    }
}


// ************************************************************************* //
