/*--------------------------------*- C++ -*----------------------------------*\
| =========                 |                                                 |
| \\      /  F ield         | OpenFOAM: The Open Source CFD Toolbox           |
|  \\    /   O peration     | Version:  2312                                  |
|   \\  /    A nd           | Website:  www.openfoam.com                      |
|    \\/     M anipulation  |                                                 |
\*---------------------------------------------------------------------------*/
FoamFile
{
    version     2.0;
    format      ascii;
    arch        "LSB;label=32;scalar=64";
    class       volScalarField;
    location    "1.3";
    object      T;
}
// * * * * * * * * * * * * * * * * * * * * * * * * * * * * * * * * * * * * * //

dimensions      [0 0 0 1 0 0 0];

internalField   nonuniform List<scalar> 
1000
(
0
0
0
0
0
0
0
0
0
0
0
0
0
0
0
0
0
0
0
0
0
0
0
0
0
0
0
0
0
0
0
0
0
0
0
0
0
0
0
0
0
0
0
0
0
0
0
0
0
0
0
0
0
0
0
0
0
0
0
0
0
0
0
0
0
0
0
0
0
0
0
0
0
0
0
0
0
0
0
0
0
0
0
0
0
0
0
0
0
0
0
0
0
0
0
0
0
0
0
0
0
0
0
0
0
0
0
0
0
0
0
0
0
0
0
0
0
0
0
0
0
0
0
0
0
0
0
0
0
0
0
0
0
0
0
0
0
0
0
0
0
0
0
0
0
0
0
0
0
0
0
0
0
0
0
0
0
0
0
0
0
0
0
0
0
0
0
0
0
0
0
0
0
0
0
0
0
0
0
0
0
0
0
0
0
0
0
0
0
0
0
0
0
0
0
0
0
0
0
0
0
0
0
0
0
0
0
0
0
0
0
0
0
0
0
0
0
0
0
0
0
0
0
0
0
0
0
0
0
0
0
0
0
0
0
0
0
0
0
0
0
0
0
0
0
0
0
0
0
0
0
0
0
0
0
0
0
0
0
0
0
0
0
0
0
0
0
0
0
0
0
0
0
0
0
4.99006e-322
8.87638e-320
1.50153e-317
2.52619e-315
4.2284e-313
7.04126e-311
1.16647e-308
1.92234e-306
3.15141e-304
5.13906e-302
8.33586e-300
1.3449e-297
2.15818e-295
3.44449e-293
5.46749e-291
8.63097e-289
1.35495e-286
2.11525e-284
3.28366e-282
5.0687e-280
7.77962e-278
1.18721e-275
1.80129e-273
2.71712e-271
4.07462e-269
6.07433e-267
9.00169e-265
1.326e-262
1.94152e-260
2.8255e-258
4.08681e-256
5.87477e-254
8.39252e-252
1.19143e-249
1.68074e-247
2.35594e-245
3.28125e-243
4.5405e-241
6.24215e-239
8.52531e-237
1.15666e-234
1.55884e-232
2.08676e-230
2.77455e-228
3.66386e-226
4.80494e-224
6.25767e-222
8.09261e-220
1.03918e-217
1.32492e-215
1.67711e-213
2.10756e-211
2.62914e-209
3.25566e-207
4.00152e-205
4.88138e-203
5.90966e-201
7.09995e-199
8.4643e-197
1.00124e-194
1.17507e-192
1.36817e-190
1.58026e-188
1.81051e-186
2.05741e-184
2.31875e-182
2.5916e-180
2.87226e-178
3.15637e-176
3.43891e-174
3.71438e-172
3.97691e-170
4.22046e-168
4.43904e-166
4.62693e-164
4.77891e-162
4.89053e-160
4.95826e-158
4.97974e-156
4.95384e-154
4.88078e-152
4.76214e-150
4.6008e-148
4.40082e-146
4.16727e-144
3.90605e-142
3.6236e-140
3.32663e-138
3.02188e-136
2.71582e-134
2.41446e-132
2.12313e-130
1.84633e-128
1.58766e-126
1.34976e-124
1.13435e-122
9.42233e-121
7.73438e-119
6.27304e-117
5.02627e-115
3.97792e-113
3.10908e-111
2.39938e-109
1.82801e-107
1.37463e-105
1.0201e-103
7.46892e-102
5.39445e-100
3.84254e-98
2.69885e-96
1.86866e-94
1.27519e-92
8.57454e-91
5.67978e-89
3.70534e-87
2.38007e-85
1.50486e-83
9.36339e-82
5.73155e-80
3.45053e-78
2.0424e-76
1.18823e-74
6.79238e-73
3.81378e-71
2.10256e-69
1.13773e-67
6.04039e-66
3.14522e-64
1.60552e-62
8.0311e-61
3.93487e-59
1.88747e-57
8.85951e-56
4.06721e-54
1.82519e-52
8.00197e-51
3.42538e-49
1.43078e-47
5.82786e-46
2.31321e-44
8.94079e-43
3.36249e-41
1.22947e-39
4.36693e-38
1.50535e-36
5.03136e-35
1.62881e-33
5.10171e-32
1.54423e-30
4.51138e-29
1.27035e-27
3.44285e-26
8.96626e-25
2.24006e-23
5.3587e-22
1.22498e-20
2.66995e-19
5.53509e-18
1.08848e-16
2.02434e-15
3.54866e-14
5.84148e-13
8.99098e-12
1.28766e-10
1.70635e-09
2.07861e-08
2.30982e-07
2.32007e-06
2.08315e-05
0.000164923
0.00113157
0.00658012
0.0314831
0.119042
0.336543
0.663457
0.880958
0.968517
0.99342
0.998868
0.999835
0.999979
0.999998
1
1
1
1
1
1
1
1
1
1
1
1
1
1
1
1
1
1
1
1
1
1
1
1
1
1
1
1
1
1
1
1
1
1
1
1
1
1
1
1
1
1
1
1
1
1
1
1
1
1
1
1
1
1
1
1
1
1
1
1
1
1
1
1
1
1
1
1
1
1
1
1
1
1
1
1
1
1
1
1
1
1
1
1
0.999998
0.999979
0.999835
0.998868
0.99342
0.968517
0.880958
0.663457
0.336543
0.119042
0.0314831
0.00658012
0.00113157
0.000164923
2.08315e-05
2.32007e-06
2.30982e-07
2.07861e-08
1.70635e-09
1.28766e-10
8.99098e-12
5.84148e-13
3.54866e-14
2.02434e-15
1.08848e-16
5.53509e-18
2.66995e-19
1.22498e-20
5.3587e-22
2.24006e-23
8.96626e-25
3.44285e-26
1.27035e-27
4.51138e-29
1.54423e-30
5.10171e-32
1.62881e-33
5.03136e-35
1.50535e-36
4.36693e-38
1.22947e-39
3.36249e-41
8.94079e-43
2.31321e-44
5.82786e-46
1.43078e-47
3.42538e-49
8.00197e-51
1.82519e-52
4.06721e-54
8.85951e-56
1.88747e-57
3.93487e-59
8.0311e-61
1.60552e-62
3.14522e-64
6.04039e-66
1.13773e-67
2.10256e-69
3.81378e-71
6.79238e-73
1.18823e-74
2.0424e-76
3.45053e-78
5.73155e-80
9.36339e-82
1.50486e-83
2.38007e-85
3.70534e-87
5.67978e-89
8.57454e-91
1.27519e-92
1.86866e-94
2.69885e-96
3.84254e-98
5.39445e-100
7.46892e-102
1.0201e-103
1.37463e-105
1.82801e-107
2.39938e-109
3.10908e-111
3.97792e-113
5.02627e-115
6.27304e-117
7.73438e-119
9.42233e-121
1.13435e-122
1.34976e-124
1.58766e-126
1.84633e-128
2.12313e-130
2.41446e-132
2.71582e-134
3.02188e-136
3.32663e-138
3.6236e-140
3.90605e-142
4.16727e-144
4.40082e-146
4.6008e-148
4.76214e-150
4.88078e-152
4.95384e-154
4.97974e-156
4.95826e-158
4.89053e-160
4.77891e-162
4.62693e-164
4.43904e-166
4.22046e-168
3.97691e-170
3.71438e-172
3.43891e-174
3.15637e-176
2.87226e-178
2.5916e-180
2.31875e-182
2.05741e-184
1.81051e-186
1.58026e-188
1.36817e-190
1.17507e-192
1.00124e-194
8.4643e-197
7.09995e-199
5.90966e-201
4.88138e-203
4.00152e-205
3.25566e-207
2.62914e-209
2.10756e-211
1.67711e-213
1.32492e-215
1.03918e-217
8.09261e-220
6.25767e-222
4.80494e-224
3.66386e-226
2.77455e-228
2.08676e-230
1.55884e-232
1.15666e-234
8.52531e-237
6.24215e-239
4.5405e-241
3.28125e-243
2.35594e-245
1.68074e-247
1.19143e-249
8.39252e-252
5.87477e-254
4.08681e-256
2.8255e-258
1.94152e-260
1.326e-262
9.00169e-265
6.07433e-267
4.07462e-269
2.71712e-271
1.80129e-273
1.18721e-275
7.77962e-278
5.0687e-280
3.28366e-282
2.11525e-284
1.35495e-286
8.63097e-289
5.46749e-291
3.44449e-293
2.15818e-295
1.3449e-297
8.33586e-300
5.13906e-302
3.15141e-304
1.92234e-306
1.16647e-308
7.04126e-311
4.2284e-313
2.52619e-315
1.50153e-317
8.87638e-320
4.99006e-322
0
0
0
0
0
0
0
0
0
0
0
0
0
0
0
0
0
0
0
0
0
0
0
0
0
0
0
0
0
0
0
0
0
0
0
0
0
0
0
0
0
0
0
0
0
0
0
0
0
0
0
0
0
0
0
0
0
0
0
0
0
0
0
0
0
0
0
0
0
0
0
0
0
0
0
0
0
0
0
0
0
0
0
0
0
0
0
0
0
0
0
0
0
0
0
0
0
0
0
0
0
0
0
0
0
0
0
0
0
0
0
0
0
0
0
0
0
0
0
0
0
0
0
0
0
0
0
0
0
0
0
0
0
0
0
0
0
0
0
0
0
0
0
0
0
0
0
0
0
0
0
0
0
0
0
0
0
0
0
0
0
0
0
0
0
0
0
0
0
0
0
0
0
0
0
0
0
0
0
0
0
0
0
0
0
0
0
0
0
0
0
0
0
0
0
0
0
0
0
0
0
0
0
0
0
0
0
0
0
0
0
0
0
0
0
0
0
0
0
0
0
0
0
0
0
0
0
0
0
0
0
0
0
0
0
0
0
0
0
0
0
0
0
0
0
0
0
0
0
0
0
0
0
0
0
0
0
0
0
0
0
0
0
0
0
0
0
0
0
0
0
0
0
0
0
)
;

boundaryField
{
    sides
    {
        type            zeroGradient;
    }
    empty
    {
        type            empty;
    }
}


// ************************************************************************* //
