/*--------------------------------*- C++ -*----------------------------------*\
| =========                 |                                                 |
| \\      /  F ield         | OpenFOAM: The Open Source CFD Toolbox           |
|  \\    /   O peration     | Version:  2312                                  |
|   \\  /    A nd           | Website:  www.openfoam.com                      |
|    \\/     M anipulation  |                                                 |
\*---------------------------------------------------------------------------*/
FoamFile
{
    version     2.0;
    format      ascii;
    arch        "LSB;label=32;scalar=64";
    class       volScalarField;
    location    "0.8";
    object      T;
}
// * * * * * * * * * * * * * * * * * * * * * * * * * * * * * * * * * * * * * //

dimensions      [0 0 0 1 0 0 0];

internalField   nonuniform List<scalar> 
1000
(
0
0
0
0
0
0
0
0
0
0
0
0
0
0
0
0
0
0
0
0
0
0
0
0
0
0
0
0
0
0
0
0
0
0
0
0
0
0
0
0
0
0
0
0
0
0
0
0
0
0
0
0
0
0
0
0
0
0
0
0
0
0
0
0
0
0
0
0
0
0
0
0
0
0
0
0
0
0
0
0
0
0
0
0
0
0
0
0
0
0
0
0
0
0
0
0
0
0
0
0
0
0
0
0
0
0
0
0
0
0
0
0
0
0
0
0
0
0
0
0
0
0
0
0
0
0
0
0
0
0
0
0
0
0
0
0
0
0
0
0
0
0
0
0
0
0
0
0
0
0
0
0
0
0
0
0
0
0
0
0
0
0
0
0
0
0
0
0
0
0
0
0
0
0
0
0
0
0
0
0
0
0
0
0
0
0
0
0
0
0
0
0
0
0
0
0
0
0
0
0
0
0
0
0
0
0
0
0
0
0
0
0
0
0
0
0
0
0
0
0
0
0
0
0
0
0
0
0
0
0
0
0
0
0
0
0
0
0
0
0
0
0
0
0
0
0
0
0
0
0
0
0
0
0
0
0
0
0
0
0
0
0
0
0
0
0
0
0
0
0
0
0
0
0
0
0
0
0
0
0
0
0
0
0
0
0
0
0
0
3.21143e-322
7.98459e-320
1.90725e-317
4.53131e-315
1.07091e-312
2.51756e-310
5.8869e-308
1.36916e-305
3.16715e-303
7.28632e-301
1.66708e-298
3.79312e-296
8.58238e-294
1.93095e-291
4.31987e-289
9.60911e-287
2.12516e-284
4.67278e-282
1.02144e-279
2.21966e-277
4.79483e-275
1.02956e-272
2.19737e-270
4.66128e-268
9.82729e-266
2.05905e-263
4.28731e-261
8.87078e-259
1.82379e-256
3.72565e-254
7.56166e-252
1.52474e-249
3.05433e-247
6.07785e-245
1.20136e-242
2.35862e-240
4.59918e-238
8.9066e-236
1.71288e-233
3.2711e-231
6.20282e-229
1.16784e-226
2.18295e-224
4.05083e-222
7.46196e-220
1.36439e-217
2.47614e-215
4.45989e-213
7.9718e-211
1.41397e-208
2.4885e-206
4.3453e-204
7.52747e-202
1.29357e-199
2.205e-197
3.72792e-195
6.25067e-193
1.03932e-190
1.71357e-188
2.80115e-186
4.5396e-184
7.29294e-182
1.16132e-179
1.83281e-177
2.86655e-175
4.44255e-173
6.82167e-171
1.03774e-168
1.56378e-166
2.33403e-164
3.45009e-162
5.05007e-160
7.31903e-158
1.05014e-155
1.4915e-153
2.09666e-151
2.91678e-149
4.01506e-147
5.46807e-145
7.3666e-143
9.8159e-141
1.29348e-138
1.68534e-136
2.17095e-134
2.76425e-132
3.47853e-130
4.3255e-128
5.314e-126
6.44877e-124
7.729e-122
9.14701e-120
1.06872e-117
1.2325e-115
1.4027e-113
1.57509e-111
1.74467e-109
1.90589e-107
2.05284e-105
2.17964e-103
2.28077e-101
2.35146e-99
2.38802e-97
2.3882e-95
2.35132e-93
2.27845e-91
2.17232e-89
2.03721e-87
1.87859e-85
1.70285e-83
1.51675e-81
1.32707e-79
1.14014e-77
9.6148e-76
7.95546e-74
6.45587e-72
5.13594e-70
4.00375e-68
3.05696e-66
2.28495e-64
1.67111e-62
1.19519e-60
8.35475e-59
5.7047e-57
3.80249e-55
2.47259e-53
1.56743e-51
9.67966e-50
5.81881e-48
3.40219e-46
1.93312e-44
1.06644e-42
5.70658e-41
2.95885e-39
1.48491e-37
7.2043e-36
3.37482e-34
1.52435e-32
6.6291e-31
2.77123e-29
1.11171e-27
4.27166e-26
1.56892e-24
5.49578e-23
1.8315e-21
5.79094e-20
1.73194e-18
4.88288e-17
1.29275e-15
3.20001e-14
7.36923e-13
1.56971e-11
3.07197e-10
5.47952e-09
8.82328e-08
1.26758e-06
1.60103e-05
0.000174462
0.00159955
0.0119179
0.0685814
0.28137
0.71863
0.931419
0.988082
0.9984
0.999826
0.999984
0.999999
1
1
1
1
1
1
1
1
1
1
1
1
1
1
1
1
1
1
1
1
1
1
1
1
1
1
1
1
1
1
1
1
1
1
1
1
1
1
1
1
1
1
1
1
1
1
1
1
1
1
1
1
1
1
1
1
1
1
1
1
1
1
1
1
1
1
1
1
1
1
1
1
1
1
1
1
1
1
1
1
1
1
1
1
1
1
0.999999
0.999984
0.999826
0.9984
0.988082
0.931419
0.71863
0.28137
0.0685814
0.0119179
0.00159955
0.000174462
1.60103e-05
1.26758e-06
8.82328e-08
5.47952e-09
3.07197e-10
1.56971e-11
7.36923e-13
3.20001e-14
1.29275e-15
4.88288e-17
1.73194e-18
5.79094e-20
1.8315e-21
5.49578e-23
1.56892e-24
4.27166e-26
1.11171e-27
2.77123e-29
6.6291e-31
1.52435e-32
3.37482e-34
7.2043e-36
1.48491e-37
2.95885e-39
5.70658e-41
1.06644e-42
1.93312e-44
3.40219e-46
5.81881e-48
9.67966e-50
1.56743e-51
2.47259e-53
3.80249e-55
5.7047e-57
8.35475e-59
1.19519e-60
1.67111e-62
2.28495e-64
3.05696e-66
4.00375e-68
5.13594e-70
6.45587e-72
7.95546e-74
9.6148e-76
1.14014e-77
1.32707e-79
1.51675e-81
1.70285e-83
1.87859e-85
2.03721e-87
2.17232e-89
2.27845e-91
2.35132e-93
2.3882e-95
2.38802e-97
2.35146e-99
2.28077e-101
2.17964e-103
2.05284e-105
1.90589e-107
1.74467e-109
1.57509e-111
1.4027e-113
1.2325e-115
1.06872e-117
9.14701e-120
7.729e-122
6.44877e-124
5.314e-126
4.3255e-128
3.47853e-130
2.76425e-132
2.17095e-134
1.68534e-136
1.29348e-138
9.8159e-141
7.3666e-143
5.46807e-145
4.01506e-147
2.91678e-149
2.09666e-151
1.4915e-153
1.05014e-155
7.31903e-158
5.05007e-160
3.45009e-162
2.33403e-164
1.56378e-166
1.03774e-168
6.82167e-171
4.44255e-173
2.86655e-175
1.83281e-177
1.16132e-179
7.29294e-182
4.5396e-184
2.80115e-186
1.71357e-188
1.03932e-190
6.25067e-193
3.72792e-195
2.205e-197
1.29357e-199
7.52747e-202
4.3453e-204
2.4885e-206
1.41397e-208
7.9718e-211
4.45989e-213
2.47614e-215
1.36439e-217
7.46196e-220
4.05083e-222
2.18295e-224
1.16784e-226
6.20282e-229
3.2711e-231
1.71288e-233
8.9066e-236
4.59918e-238
2.35862e-240
1.20136e-242
6.07785e-245
3.05433e-247
1.52474e-249
7.56166e-252
3.72565e-254
1.82379e-256
8.87078e-259
4.28731e-261
2.05905e-263
9.82729e-266
4.66128e-268
2.19737e-270
1.02956e-272
4.79483e-275
2.21966e-277
1.02144e-279
4.67278e-282
2.12516e-284
9.60911e-287
4.31987e-289
1.93095e-291
8.58238e-294
3.79312e-296
1.66708e-298
7.28632e-301
3.16715e-303
1.36916e-305
5.8869e-308
2.51756e-310
1.07091e-312
4.53131e-315
1.90725e-317
7.98459e-320
3.21143e-322
0
0
0
0
0
0
0
0
0
0
0
0
0
0
0
0
0
0
0
0
0
0
0
0
0
0
0
0
0
0
0
0
0
0
0
0
0
0
0
0
0
0
0
0
0
0
0
0
0
0
0
0
0
0
0
0
0
0
0
0
0
0
0
0
0
0
0
0
0
0
0
0
0
0
0
0
0
0
0
0
0
0
0
0
0
0
0
0
0
0
0
0
0
0
0
0
0
0
0
0
0
0
0
0
0
0
0
0
0
0
0
0
0
0
0
0
0
0
0
0
0
0
0
0
0
0
0
0
0
0
0
0
0
0
0
0
0
0
0
0
0
0
0
0
0
0
0
0
0
0
0
0
0
0
0
0
0
0
0
0
0
0
0
0
0
0
0
0
0
0
0
0
0
0
0
0
0
0
0
0
0
0
0
0
0
0
0
0
0
0
0
0
0
0
0
0
0
0
0
0
0
0
0
0
0
0
0
0
0
0
0
0
0
0
0
0
0
0
0
0
0
0
0
0
0
0
0
0
0
0
0
0
0
0
0
0
0
0
0
0
0
0
0
0
0
0
0
0
0
0
0
0
0
0
0
0
0
0
0
0
0
0
0
0
0
0
0
0
0
0
0
0
0
0
0
0
0
0
0
0
0
0
0
0
0
0
0
0
0
)
;

boundaryField
{
    sides
    {
        type            zeroGradient;
    }
    empty
    {
        type            empty;
    }
}


// ************************************************************************* //
