/*--------------------------------*- C++ -*----------------------------------*\
| =========                 |                                                 |
| \\      /  F ield         | OpenFOAM: The Open Source CFD Toolbox           |
|  \\    /   O peration     | Version:  2312                                  |
|   \\  /    A nd           | Website:  www.openfoam.com                      |
|    \\/     M anipulation  |                                                 |
\*---------------------------------------------------------------------------*/
FoamFile
{
    version     2.0;
    format      ascii;
    arch        "LSB;label=32;scalar=64";
    class       volScalarField;
    location    "2.1";
    object      T;
}
// * * * * * * * * * * * * * * * * * * * * * * * * * * * * * * * * * * * * * //

dimensions      [0 0 0 1 0 0 0];

internalField   nonuniform List<scalar> 
1000
(
1.34317e-133
3.35192e-133
1.05023e-132
3.3711e-132
1.0831e-131
3.47529e-131
1.11338e-130
3.56131e-130
1.13735e-129
3.62653e-129
1.15452e-128
3.66966e-128
1.16455e-127
3.68977e-127
1.1672e-126
3.68639e-126
1.16241e-125
3.65949e-125
1.15023e-124
3.60949e-124
1.13085e-123
3.53724e-123
1.10463e-122
3.44402e-122
1.07203e-121
3.33149e-121
1.03362e-120
3.20162e-120
9.9007e-120
3.05666e-119
9.42135e-119
2.89908e-118
8.90613e-118
2.73147e-117
8.36339e-117
2.55649e-116
7.80154e-116
2.37678e-115
7.22888e-115
2.19494e-114
6.65337e-114
2.01339e-113
6.08248e-113
1.83441e-112
5.523e-112
1.66002e-111
4.98096e-111
1.492e-110
4.4615e-110
1.33183e-109
3.96887e-109
1.18069e-108
3.50637e-108
1.0395e-107
3.07639e-107
9.08869e-107
2.68043e-106
7.8913e-106
2.31917e-105
6.80388e-105
1.99258e-104
5.8252e-104
1.69996e-103
4.95221e-103
1.44009e-102
4.1803e-102
1.2113e-101
3.50368e-101
1.01162e-100
2.91564e-100
8.38821e-100
2.40893e-99
6.90549e-99
1.97597e-98
5.6439e-98
1.60913e-97
4.57942e-97
1.30089e-96
3.68871e-96
1.04403e-95
2.94956e-95
8.31765e-95
2.34123e-94
6.57787e-94
1.84468e-93
5.16361e-93
1.4427e-92
4.02338e-92
1.11994e-91
3.1116e-91
8.62897e-91
2.38846e-90
6.5987e-90
1.81961e-89
5.00815e-89
1.37579e-88
3.77225e-88
1.03234e-87
2.81978e-87
7.68733e-87
2.09172e-86
5.68065e-86
1.53977e-85
4.16556e-85
1.12474e-84
3.03101e-84
8.15228e-84
2.18839e-83
5.86304e-83
1.56773e-82
4.18377e-82
1.11432e-81
2.96209e-81
7.85829e-81
2.08065e-80
5.49805e-80
1.44996e-79
3.81625e-79
1.00242e-78
2.62782e-78
6.87497e-78
1.79503e-77
4.67734e-77
1.21632e-76
3.1566e-76
8.17543e-76
2.11309e-75
5.45056e-75
1.40306e-74
3.60433e-74
9.24019e-74
2.36399e-73
6.03551e-73
1.53775e-72
3.90984e-72
9.92046e-72
2.5119e-71
6.34697e-71
1.60038e-70
4.02691e-70
1.01114e-69
2.53358e-69
6.33495e-69
1.58065e-68
3.93556e-68
9.77816e-68
2.42429e-67
5.99771e-67
1.48067e-66
3.64756e-66
8.9663e-66
2.19933e-65
5.38308e-65
1.31472e-64
3.20402e-64
7.79137e-64
1.89055e-63
4.57736e-63
1.10584e-62
2.66574e-62
6.41197e-62
1.53889e-61
3.68525e-61
8.80574e-61
2.09943e-60
4.99429e-60
1.18544e-59
2.80747e-59
6.63408e-59
1.56413e-58
3.67949e-58
8.63627e-58
2.02248e-57
4.72563e-57
1.10167e-56
2.56245e-56
5.94661e-56
1.37687e-55
3.1807e-55
7.3309e-55
1.68575e-54
3.86748e-54
8.85239e-54
2.02157e-53
4.60583e-53
1.04693e-52
2.37419e-52
5.37155e-52
1.21246e-51
2.73033e-51
6.13397e-51
1.37482e-50
3.07412e-50
6.85756e-50
1.52612e-49
3.38823e-49
7.5045e-49
1.65819e-48
3.65514e-48
8.03772e-48
1.76326e-47
3.8588e-47
8.4244e-47
1.83474e-46
3.98615e-46
8.63925e-46
1.86784e-45
4.02848e-45
8.6672e-45
1.86016e-44
3.98246e-44
8.50515e-44
1.81192e-43
3.85051e-43
8.16243e-43
1.72599e-42
3.64062e-42
7.65994e-42
1.60763e-41
3.36556e-41
7.02803e-41
1.46391e-40
3.04156e-40
6.30344e-40
1.30303e-39
2.68675e-39
5.52573e-39
1.13355e-38
2.31943e-38
4.73373e-38
9.63624e-38
1.95655e-37
3.96233e-37
8.00358e-37
1.61246e-36
3.24014e-36
6.49388e-36
1.2981e-35
2.58806e-35
5.14635e-35
1.02066e-34
2.0189e-34
3.98292e-34
7.83676e-34
1.53786e-33
3.00983e-33
5.875e-33
1.1437e-32
2.22051e-32
4.29958e-32
8.30291e-32
1.59905e-31
3.0713e-31
5.88307e-31
1.12384e-30
2.14105e-30
4.06783e-30
7.70747e-30
1.45637e-29
2.74435e-29
5.15717e-29
9.66468e-29
1.80619e-28
3.36617e-28
6.25611e-28
1.15949e-27
2.14297e-27
3.94961e-27
7.25901e-27
1.3304e-26
2.43146e-26
4.43129e-26
8.05317e-26
1.4594e-25
2.63727e-25
4.75225e-25
8.53904e-25
1.52996e-24
2.73345e-24
4.86967e-24
8.6505e-24
1.53227e-23
2.70631e-23
4.76614e-23
8.36952e-23
1.46547e-22
2.55853e-22
4.4539e-22
7.73082e-22
1.33796e-21
2.30881e-21
3.97246e-21
6.81484e-21
1.16566e-20
1.98797e-20
3.38036e-20
5.73101e-20
9.68747e-20
1.63267e-19
2.74343e-19
4.59615e-19
7.67707e-19
1.27849e-18
2.12273e-18
3.51388e-18
5.79926e-18
9.54218e-18
1.56534e-17
2.5601e-17
4.17434e-17
6.78575e-17
1.09973e-16
1.77685e-16
2.86212e-16
4.59618e-16
7.35825e-16
1.17441e-15
1.86864e-15
2.96412e-15
4.68733e-15
7.38945e-15
1.16133e-14
1.81949e-14
2.84181e-14
4.42475e-14
6.86798e-14
1.06271e-13
1.63923e-13
2.52062e-13
3.86377e-13
5.90407e-13
8.99343e-13
1.36562e-12
2.06712e-12
3.11909e-12
4.69155e-12
7.03442e-12
1.05138e-11
1.56644e-11
2.3264e-11
3.44406e-11
5.08242e-11
7.47624e-11
1.09624e-10
1.60227e-10
2.33439e-10
3.39013e-10
4.90752e-10
7.08124e-10
1.01849e-09
1.46016e-09
2.08662e-09
2.97221e-09
4.21998e-09
5.97217e-09
8.4245e-09
1.18453e-08
1.6601e-08
2.31904e-08
3.229e-08
4.48137e-08
6.19921e-08
8.54756e-08
1.1747e-07
1.60913e-07
2.19702e-07
2.98986e-07
4.0555e-07
5.48291e-07
7.38842e-07
9.9235e-07
1.32846e-06
1.77258e-06
2.35739e-06
3.12482e-06
4.12847e-06
5.43652e-06
7.13543e-06
9.3344e-06
1.21708e-05
1.58168e-05
2.04873e-05
2.64495e-05
3.40341e-05
4.36493e-05
5.57964e-05
7.10888e-05
9.02739e-05
0.000114259
0.00014414
0.000181236
0.000227129
0.000283706
0.000353211
0.000438298
0.000542094
0.00066827
0.000821111
0.0010056
0.00122751
0.00149348
0.00181115
0.00218922
0.00263758
0.00316743
0.00379135
0.00452344
0.00537942
0.0063767
0.00753447
0.00887379
0.0104176
0.0121908
0.0142203
0.0165347
0.0191648
0.0221428
0.0255027
0.02928
0.0335115
0.0382346
0.0434877
0.0493093
0.0557378
0.0628111
0.070566
0.0790375
0.0882588
0.0982601
0.109068
0.120707
0.133194
0.146544
0.160765
0.17586
0.191823
0.208645
0.226307
0.244786
0.264048
0.284055
0.304761
0.326113
0.348051
0.370511
0.393422
0.416709
0.440292
0.464089
0.488015
0.511985
0.535911
0.559708
0.583291
0.606578
0.629489
0.651949
0.673887
0.695239
0.715945
0.735952
0.755214
0.773693
0.791355
0.808177
0.82414
0.839234
0.853455
0.866805
0.879292
0.890931
0.901739
0.911739
0.92096
0.929431
0.937185
0.944257
0.950684
0.956503
0.961753
0.966473
0.970699
0.974471
0.977823
0.980792
0.983409
0.985709
0.987719
0.989468
0.990982
0.992284
0.993396
0.994337
0.995123
0.99577
0.99629
0.996694
0.99699
0.997183
0.997279
0.997279
0.997183
0.99699
0.996694
0.99629
0.99577
0.995123
0.994337
0.993396
0.992284
0.990982
0.989468
0.987719
0.985709
0.983409
0.980792
0.977823
0.974471
0.970699
0.966473
0.961753
0.956503
0.950684
0.944257
0.937185
0.929431
0.92096
0.911739
0.901739
0.890931
0.879292
0.866805
0.853455
0.839234
0.82414
0.808177
0.791355
0.773693
0.755214
0.735952
0.715945
0.695239
0.673887
0.651949
0.629489
0.606578
0.583291
0.559708
0.535911
0.511985
0.488015
0.464089
0.440292
0.416709
0.393422
0.370511
0.348051
0.326113
0.304761
0.284055
0.264048
0.244786
0.226307
0.208645
0.191823
0.17586
0.160765
0.146544
0.133194
0.120707
0.109068
0.0982601
0.0882588
0.0790375
0.070566
0.0628111
0.0557378
0.0493093
0.0434877
0.0382346
0.0335115
0.02928
0.0255027
0.0221428
0.0191648
0.0165347
0.0142203
0.0121908
0.0104176
0.00887379
0.00753447
0.0063767
0.00537942
0.00452344
0.00379135
0.00316743
0.00263758
0.00218922
0.00181115
0.00149348
0.00122751
0.0010056
0.000821111
0.00066827
0.000542094
0.000438298
0.000353211
0.000283706
0.000227129
0.000181236
0.00014414
0.000114259
9.02739e-05
7.10888e-05
5.57964e-05
4.36493e-05
3.40341e-05
2.64495e-05
2.04873e-05
1.58168e-05
1.21708e-05
9.3344e-06
7.13543e-06
5.43652e-06
4.12847e-06
3.12482e-06
2.35739e-06
1.77258e-06
1.32846e-06
9.9235e-07
7.38842e-07
5.48291e-07
4.0555e-07
2.98986e-07
2.19702e-07
1.60913e-07
1.1747e-07
8.54756e-08
6.19921e-08
4.48137e-08
3.229e-08
2.31904e-08
1.6601e-08
1.18453e-08
8.4245e-09
5.97217e-09
4.21998e-09
2.97221e-09
2.08662e-09
1.46016e-09
1.01849e-09
7.08124e-10
4.90752e-10
3.39013e-10
2.33439e-10
1.60227e-10
1.09624e-10
7.47624e-11
5.08242e-11
3.44406e-11
2.3264e-11
1.56644e-11
1.05138e-11
7.03442e-12
4.69155e-12
3.11909e-12
2.06712e-12
1.36562e-12
8.99343e-13
5.90407e-13
3.86377e-13
2.52062e-13
1.63923e-13
1.06271e-13
6.86798e-14
4.42475e-14
2.84181e-14
1.81949e-14
1.16133e-14
7.38945e-15
4.68733e-15
2.96412e-15
1.86864e-15
1.17441e-15
7.35825e-16
4.59618e-16
2.86212e-16
1.77685e-16
1.09973e-16
6.78575e-17
4.17434e-17
2.5601e-17
1.56534e-17
9.54218e-18
5.79926e-18
3.51388e-18
2.12273e-18
1.27849e-18
7.67707e-19
4.59615e-19
2.74343e-19
1.63267e-19
9.68747e-20
5.73101e-20
3.38036e-20
1.98797e-20
1.16566e-20
6.81484e-21
3.97246e-21
2.30881e-21
1.33796e-21
7.73082e-22
4.4539e-22
2.55853e-22
1.46547e-22
8.36952e-23
4.76614e-23
2.70631e-23
1.53227e-23
8.6505e-24
4.86967e-24
2.73345e-24
1.52996e-24
8.53904e-25
4.75225e-25
2.63727e-25
1.4594e-25
8.05317e-26
4.43129e-26
2.43146e-26
1.3304e-26
7.25901e-27
3.94961e-27
2.14297e-27
1.15949e-27
6.25611e-28
3.36617e-28
1.80619e-28
9.66468e-29
5.15717e-29
2.74435e-29
1.45637e-29
7.70747e-30
4.06783e-30
2.14105e-30
1.12384e-30
5.88307e-31
3.0713e-31
1.59905e-31
8.30291e-32
4.29958e-32
2.22051e-32
1.1437e-32
5.875e-33
3.00983e-33
1.53786e-33
7.83676e-34
3.98292e-34
2.0189e-34
1.02066e-34
5.14635e-35
2.58806e-35
1.2981e-35
6.49388e-36
3.24014e-36
1.61246e-36
8.00358e-37
3.96233e-37
1.95655e-37
9.63624e-38
4.73373e-38
2.31943e-38
1.13355e-38
5.52573e-39
2.68675e-39
1.30303e-39
6.30344e-40
3.04156e-40
1.46391e-40
7.02803e-41
3.36556e-41
1.60763e-41
7.65994e-42
3.64062e-42
1.72599e-42
8.16243e-43
3.85051e-43
1.81192e-43
8.50515e-44
3.98246e-44
1.86016e-44
8.6672e-45
4.02848e-45
1.86784e-45
8.63925e-46
3.98615e-46
1.83474e-46
8.4244e-47
3.8588e-47
1.76326e-47
8.03772e-48
3.65514e-48
1.65819e-48
7.5045e-49
3.38823e-49
1.52612e-49
6.85756e-50
3.07412e-50
1.37482e-50
6.13397e-51
2.73033e-51
1.21246e-51
5.37155e-52
2.37419e-52
1.04693e-52
4.60583e-53
2.02157e-53
8.85239e-54
3.86748e-54
1.68575e-54
7.3309e-55
3.1807e-55
1.37687e-55
5.94661e-56
2.56245e-56
1.10167e-56
4.72563e-57
2.02248e-57
8.63627e-58
3.67949e-58
1.56413e-58
6.63408e-59
2.80747e-59
1.18544e-59
4.99429e-60
2.09943e-60
8.80574e-61
3.68525e-61
1.53889e-61
6.41197e-62
2.66574e-62
1.10584e-62
4.57736e-63
1.89055e-63
7.79137e-64
3.20402e-64
1.31472e-64
5.38308e-65
2.19933e-65
8.9663e-66
3.64756e-66
1.48067e-66
5.99771e-67
2.42429e-67
9.77816e-68
3.93556e-68
1.58065e-68
6.33495e-69
2.53358e-69
1.01114e-69
4.02691e-70
1.60038e-70
6.34697e-71
2.5119e-71
9.92046e-72
3.90984e-72
1.53775e-72
6.03551e-73
2.36399e-73
9.24019e-74
3.60433e-74
1.40306e-74
5.45056e-75
2.11309e-75
8.17543e-76
3.1566e-76
1.21632e-76
4.67734e-77
1.79503e-77
6.87497e-78
2.62782e-78
1.00242e-78
3.81625e-79
1.44996e-79
5.49805e-80
2.08065e-80
7.85829e-81
2.96209e-81
1.11432e-81
4.18377e-82
1.56773e-82
5.86304e-83
2.18839e-83
8.15228e-84
3.03101e-84
1.12474e-84
4.16556e-85
1.53977e-85
5.68065e-86
2.09172e-86
7.68733e-87
2.81978e-87
1.03234e-87
3.77225e-88
1.37579e-88
5.00815e-89
1.81961e-89
6.5987e-90
2.38846e-90
8.62897e-91
3.1116e-91
1.11994e-91
4.02338e-92
1.4427e-92
5.16361e-93
1.84468e-93
6.57787e-94
2.34123e-94
8.31765e-95
2.94956e-95
1.04403e-95
3.68871e-96
1.30089e-96
4.57942e-97
1.60913e-97
5.6439e-98
1.97597e-98
6.90549e-99
2.40893e-99
8.38821e-100
2.91564e-100
1.01162e-100
3.50368e-101
1.2113e-101
4.1803e-102
1.44009e-102
4.95221e-103
1.69996e-103
5.8252e-104
1.99258e-104
6.80388e-105
2.31917e-105
7.8913e-106
2.68043e-106
9.08869e-107
3.07639e-107
1.0395e-107
3.50637e-108
1.18069e-108
3.96887e-109
1.33183e-109
4.4615e-110
1.492e-110
4.98096e-111
1.66002e-111
5.523e-112
1.83441e-112
6.08248e-113
2.01339e-113
6.65337e-114
2.19494e-114
7.22888e-115
2.37678e-115
7.80154e-116
2.55649e-116
8.36339e-117
2.73147e-117
8.90613e-118
2.89908e-118
9.42135e-119
3.05666e-119
9.9007e-120
3.20162e-120
1.03362e-120
3.33149e-121
1.07203e-121
3.44402e-122
1.10463e-122
3.53724e-123
1.13085e-123
3.60949e-124
1.15023e-124
3.65949e-125
1.16241e-125
3.68639e-126
1.1672e-126
3.68977e-127
1.16455e-127
3.66966e-128
1.15452e-128
3.62653e-129
1.13735e-129
3.56131e-130
1.11338e-130
3.47529e-131
1.0831e-131
3.3711e-132
1.05023e-132
3.35192e-133
1.34317e-133
)
;

boundaryField
{
    sides
    {
        type            zeroGradient;
    }
    empty
    {
        type            empty;
    }
}


// ************************************************************************* //
