/*--------------------------------*- C++ -*----------------------------------*\
| =========                 |                                                 |
| \\      /  F ield         | OpenFOAM: The Open Source CFD Toolbox           |
|  \\    /   O peration     | Version:  2312                                  |
|   \\  /    A nd           | Website:  www.openfoam.com                      |
|    \\/     M anipulation  |                                                 |
\*---------------------------------------------------------------------------*/
FoamFile
{
    version     2.0;
    format      ascii;
    arch        "LSB;label=32;scalar=64";
    class       volScalarField;
    location    "3.7";
    object      T;
}
// * * * * * * * * * * * * * * * * * * * * * * * * * * * * * * * * * * * * * //

dimensions      [0 0 0 1 0 0 0];

internalField   nonuniform List<scalar> 
1000
(
0
0
0
0
0
0
0
0
0
0
0
0
0
0
0
0
0
0
0
0
0
0
0
0
0
0
0
0
0
0
0
0
0
0
0
0
0
0
0
0
0
0
0
0
0
0
0
0
0
0
0
0
0
0
0
0
0
0
0
0
0
0
0
0
0
0
0
0
0
0
0
0
0
0
0
0
0
0
0
0
0
0
0
0
0
0
0
0
0
0
0
0
0
0
0
0
0
0
0
0
0
0
0
0
0
0
0
0
0
0
0
0
0
0
0
0
0
0
0
0
0
0
0
0
0
0
0
0
0
0
0
0
0
0
0
0
0
0
0
0
0
0
0
0
0
0
0
0
0
0
0
0
0
0
0
0
0
0
0
0
0
0
0
0
0
0
0
0
0
0
0
0
0
0
0
0
0
0
0
0
0
0
0
0
0
0
0
0
0
0
0
0
0
0
0
0
0
0
0
0
0
0
0
0
0
0
0
0
0
0
0
0
0
0
0
0
0
0
0
0
0
0
0
0
0
0
0
0
0
0
0
0
0
0
0
2.63337e-321
2.11579e-319
1.65683e-317
1.29157e-315
1.00236e-313
7.74445e-312
5.95668e-310
4.56098e-308
3.47648e-306
2.6378e-304
1.99229e-302
1.49782e-300
1.12088e-298
8.34899e-297
6.18981e-295
4.56749e-293
3.35447e-291
2.45192e-289
1.78367e-287
1.29132e-285
9.30371e-284
6.67068e-282
4.75952e-280
3.37929e-278
2.3875e-276
1.67844e-274
1.1741e-272
8.17186e-271
5.6591e-269
3.89915e-267
2.67287e-265
1.82288e-263
1.23679e-261
8.34797e-260
5.6053e-258
3.74402e-256
2.48762e-254
1.64409e-252
1.0808e-250
7.06695e-249
4.59591e-247
2.9727e-245
1.91229e-243
1.2234e-241
7.78359e-240
4.92461e-238
3.09835e-236
1.93839e-234
1.20583e-232
7.45857e-231
4.58701e-229
2.80474e-227
1.70503e-225
1.03045e-223
6.19105e-222
3.69766e-220
2.19533e-218
1.29557e-216
7.59976e-215
4.43093e-213
2.56761e-211
1.47872e-209
8.46343e-208
4.81385e-206
2.72086e-204
1.52816e-202
8.52823e-201
4.7289e-199
2.60527e-197
1.42599e-195
7.75408e-194
4.18866e-192
2.24766e-190
1.19805e-188
6.34289e-187
3.33539e-185
1.74193e-183
9.03478e-182
4.65356e-180
2.38018e-178
1.20884e-176
6.09595e-175
3.05211e-173
1.51713e-171
7.4866e-170
3.66742e-168
1.7833e-166
8.60703e-165
4.12306e-163
1.96018e-161
9.24821e-160
4.32988e-158
2.01152e-156
9.27198e-155
4.24028e-153
1.9238e-151
8.65844e-150
3.86548e-148
1.71167e-146
7.51728e-145
3.2741e-143
1.4141e-141
6.05616e-140
2.57162e-138
1.08262e-136
4.51822e-135
1.86918e-133
7.66455e-132
3.11487e-130
1.25451e-128
5.00671e-127
1.97986e-125
7.75678e-124
3.01061e-122
1.15747e-120
4.40769e-119
1.66231e-117
6.20827e-116
2.29585e-114
8.40589e-113
3.04682e-111
1.09317e-109
3.88199e-108
1.36428e-106
4.74437e-105
1.63243e-103
5.55669e-102
1.87099e-100
6.23082e-99
2.05202e-97
6.68229e-96
2.15138e-94
6.84694e-93
2.15379e-91
6.69538e-90
2.05659e-88
6.24103e-87
1.87082e-85
5.53868e-84
1.61923e-82
4.67378e-81
1.3317e-79
3.74501e-78
1.03926e-76
2.84538e-75
7.68458e-74
2.04681e-72
5.37557e-71
1.39178e-69
3.55161e-68
8.93081e-67
2.21243e-65
5.39833e-64
1.29705e-62
3.06799e-61
7.14229e-60
1.63604e-58
3.68643e-57
8.1686e-56
1.77948e-54
3.80989e-53
8.01436e-52
1.65585e-50
3.35909e-49
6.68836e-48
1.30665e-46
2.50366e-45
4.70326e-44
8.6587e-43
1.56154e-41
2.75744e-40
4.76557e-39
8.05692e-38
1.33184e-36
2.15145e-35
3.39447e-34
5.22786e-33
7.85459e-32
1.15052e-30
1.64191e-29
2.2813e-28
3.08368e-27
4.05205e-26
5.17176e-25
6.4059e-24
7.69303e-23
8.94878e-22
1.00722e-20
1.0957e-19
1.15067e-18
1.16506e-17
1.13577e-16
1.06448e-15
9.57629e-15
8.25529e-14
6.80666e-13
5.35709e-12
4.01571e-11
2.86017e-10
1.93051e-09
1.23125e-08
7.39644e-08
4.17019e-07
2.198e-06
1.07825e-05
4.89866e-05
0.000204967
0.000784916
0.00273176
0.00857326
0.024055
0.0597957
0.130507
0.248215
0.409902
0.590098
0.751785
0.869493
0.940204
0.975945
0.991427
0.997268
0.999215
0.999795
0.999951
0.999989
0.999998
1
1
1
1
1
1
1
1
1
1
1
1
1
1
1
1
1
1
1
1
1
1
1
1
1
1
1
1
1
1
1
1
1
1
1
1
1
1
1
1
1
1
1
1
1
1
1
1
1
1
1
1
1
1
1
1
1
1
1
1
1
1
1
1
1
1
1
1
1
1
1
1
1
1
1
1
0.999998
0.999989
0.999951
0.999795
0.999215
0.997268
0.991427
0.975945
0.940204
0.869493
0.751785
0.590098
0.409902
0.248215
0.130507
0.0597957
0.024055
0.00857326
0.00273176
0.000784916
0.000204967
4.89866e-05
1.07825e-05
2.198e-06
4.17019e-07
7.39644e-08
1.23125e-08
1.93051e-09
2.86017e-10
4.01571e-11
5.35709e-12
6.80666e-13
8.25529e-14
9.57629e-15
1.06448e-15
1.13577e-16
1.16506e-17
1.15067e-18
1.0957e-19
1.00722e-20
8.94878e-22
7.69303e-23
6.4059e-24
5.17176e-25
4.05205e-26
3.08368e-27
2.2813e-28
1.64191e-29
1.15052e-30
7.85459e-32
5.22786e-33
3.39447e-34
2.15145e-35
1.33184e-36
8.05692e-38
4.76557e-39
2.75744e-40
1.56154e-41
8.6587e-43
4.70326e-44
2.50366e-45
1.30665e-46
6.68836e-48
3.35909e-49
1.65585e-50
8.01436e-52
3.80989e-53
1.77948e-54
8.1686e-56
3.68643e-57
1.63604e-58
7.14229e-60
3.06799e-61
1.29705e-62
5.39833e-64
2.21243e-65
8.93081e-67
3.55161e-68
1.39178e-69
5.37557e-71
2.04681e-72
7.68458e-74
2.84538e-75
1.03926e-76
3.74501e-78
1.3317e-79
4.67378e-81
1.61923e-82
5.53868e-84
1.87082e-85
6.24103e-87
2.05659e-88
6.69538e-90
2.15379e-91
6.84694e-93
2.15138e-94
6.68229e-96
2.05202e-97
6.23082e-99
1.87099e-100
5.55669e-102
1.63243e-103
4.74437e-105
1.36428e-106
3.88199e-108
1.09317e-109
3.04682e-111
8.40589e-113
2.29585e-114
6.20827e-116
1.66231e-117
4.40769e-119
1.15747e-120
3.01061e-122
7.75678e-124
1.97986e-125
5.00671e-127
1.25451e-128
3.11487e-130
7.66455e-132
1.86918e-133
4.51822e-135
1.08262e-136
2.57162e-138
6.05616e-140
1.4141e-141
3.2741e-143
7.51728e-145
1.71167e-146
3.86548e-148
8.65844e-150
1.9238e-151
4.24028e-153
9.27198e-155
2.01152e-156
4.32988e-158
9.24821e-160
1.96018e-161
4.12306e-163
8.60703e-165
1.7833e-166
3.66742e-168
7.4866e-170
1.51713e-171
3.05211e-173
6.09595e-175
1.20884e-176
2.38018e-178
4.65356e-180
9.03478e-182
1.74193e-183
3.33539e-185
6.34289e-187
1.19805e-188
2.24766e-190
4.18866e-192
7.75408e-194
1.42599e-195
2.60527e-197
4.7289e-199
8.52823e-201
1.52816e-202
2.72086e-204
4.81385e-206
8.46343e-208
1.47872e-209
2.56761e-211
4.43093e-213
7.59976e-215
1.29557e-216
2.19533e-218
3.69766e-220
6.19105e-222
1.03045e-223
1.70503e-225
2.80474e-227
4.58701e-229
7.45857e-231
1.20583e-232
1.93839e-234
3.09835e-236
4.92461e-238
7.78359e-240
1.2234e-241
1.91229e-243
2.9727e-245
4.59591e-247
7.06695e-249
1.0808e-250
1.64409e-252
2.48762e-254
3.74402e-256
5.6053e-258
8.34797e-260
1.23679e-261
1.82288e-263
2.67287e-265
3.89915e-267
5.6591e-269
8.17186e-271
1.1741e-272
1.67844e-274
2.3875e-276
3.37929e-278
4.75952e-280
6.67068e-282
9.30371e-284
1.29132e-285
1.78367e-287
2.45192e-289
3.35447e-291
4.56749e-293
6.18981e-295
8.34899e-297
1.12088e-298
1.49782e-300
1.99229e-302
2.6378e-304
3.47648e-306
4.56098e-308
5.95668e-310
7.74445e-312
1.00236e-313
1.29157e-315
1.65683e-317
2.11579e-319
2.63337e-321
0
0
0
0
0
0
0
0
0
0
0
0
0
0
0
0
0
0
0
0
0
0
0
0
0
0
0
0
0
0
0
0
0
0
0
0
0
0
0
0
0
0
0
0
0
0
0
0
0
0
0
0
0
0
0
0
0
0
0
0
0
0
0
0
0
0
0
0
0
0
0
0
0
0
0
0
0
0
0
0
0
0
0
0
0
0
0
0
0
0
0
0
0
0
0
0
0
0
0
0
0
0
0
0
0
0
0
0
0
0
0
0
0
0
0
0
0
0
0
0
0
0
0
0
0
0
0
0
0
0
0
0
0
0
0
0
0
0
0
0
0
0
0
0
0
0
0
0
0
0
0
0
0
0
0
0
0
0
0
0
0
0
0
0
0
0
0
0
0
0
0
0
0
0
0
0
0
0
0
0
0
0
0
0
0
0
0
0
0
0
0
0
0
0
0
0
0
0
0
0
0
0
0
0
0
0
0
0
0
0
0
0
0
0
0
0
0
0
0
0
0
0
0
0
0
0
0
0
0
0
0
0
0
0
0
)
;

boundaryField
{
    sides
    {
        type            zeroGradient;
    }
    empty
    {
        type            empty;
    }
}


// ************************************************************************* //
