/*--------------------------------*- C++ -*----------------------------------*\
| =========                 |                                                 |
| \\      /  F ield         | OpenFOAM: The Open Source CFD Toolbox           |
|  \\    /   O peration     | Version:  2312                                  |
|   \\  /    A nd           | Website:  www.openfoam.com                      |
|    \\/     M anipulation  |                                                 |
\*---------------------------------------------------------------------------*/
FoamFile
{
    version     2.0;
    format      ascii;
    arch        "LSB;label=32;scalar=64";
    class       volScalarField;
    location    "2.9";
    object      T;
}
// * * * * * * * * * * * * * * * * * * * * * * * * * * * * * * * * * * * * * //

dimensions      [0 0 0 1 0 0 0];

internalField   nonuniform List<scalar> 
1000
(
0
0
0
0
0
0
0
0
0
0
0
0
0
0
0
0
0
0
0
0
0
0
0
0
0
0
0
0
0
0
0
0
0
0
0
0
0
0
0
0
0
0
0
0
0
0
0
0
0
0
0
0
0
0
0
0
0
0
0
0
0
0
0
0
0
0
0
0
0
0
0
0
0
0
0
0
0
0
0
0
0
0
0
0
0
0
0
0
0
0
0
0
0
0
0
0
0
0
0
0
0
0
0
0
0
0
0
0
0
0
0
0
0
0
0
0
0
0
0
0
0
0
0
0
0
0
0
0
0
0
0
0
0
0
0
0
0
0
0
0
0
0
0
0
0
0
0
0
0
0
0
0
0
0
0
0
0
0
0
0
0
0
0
0
0
0
0
0
0
0
0
0
0
0
0
0
0
0
0
0
0
0
0
0
0
0
0
0
0
0
0
0
0
0
0
0
0
0
0
0
0
0
0
0
0
0
0
0
0
0
0
0
0
0
0
0
0
0
0
0
0
0
0
0
0
0
0
0
0
0
0
0
0
0
0
0
0
0
0
0
0
0
0
0
0
2.47033e-323
5.12346e-321
4.87124e-319
4.56449e-317
4.25674e-315
3.95136e-313
3.65083e-311
3.35737e-309
3.07299e-307
2.79939e-305
2.53804e-303
2.29009e-301
2.05643e-299
1.83769e-297
1.63424e-295
1.44622e-293
1.27354e-291
1.11594e-289
9.72985e-288
8.44106e-286
7.2862e-284
6.25757e-282
5.34685e-280
4.54533e-278
3.8441e-276
3.23425e-274
2.70699e-272
2.25384e-270
1.86668e-268
1.53784e-266
1.26018e-264
1.02713e-262
8.32661e-261
6.71353e-259
5.38343e-257
4.29316e-255
3.40479e-253
2.68525e-251
2.10593e-249
1.6423e-247
1.27349e-245
9.81879e-244
7.52702e-242
5.73687e-240
4.34708e-238
3.27472e-236
2.45238e-234
1.82567e-232
1.35101e-230
9.93763e-229
7.26565e-227
5.2798e-225
3.81323e-223
2.73705e-221
1.9524e-219
1.38398e-217
9.74883e-216
6.82359e-214
4.74562e-212
3.27924e-210
2.25129e-208
1.53551e-206
1.04042e-204
7.00302e-203
4.68229e-201
3.10962e-199
2.05121e-197
1.34383e-195
8.74352e-194
5.64958e-192
3.62501e-190
2.30963e-188
1.46114e-186
9.17771e-185
5.72327e-183
3.54321e-181
2.17755e-179
1.3284e-177
8.04376e-176
4.83424e-174
2.88343e-172
1.70678e-170
1.00254e-168
5.8433e-167
3.37921e-165
1.93885e-163
1.10361e-161
6.23162e-160
3.49034e-158
1.93903e-156
1.06837e-154
5.83777e-153
3.1632e-151
1.69952e-149
9.05347e-148
4.78141e-146
2.50332e-144
1.29914e-142
6.68258e-141
3.40675e-139
1.7211e-137
8.61601e-136
4.27365e-134
2.10012e-132
1.02236e-130
4.92984e-129
2.35446e-127
1.11361e-125
5.21578e-124
2.4188e-122
1.11053e-120
5.04739e-119
2.27069e-117
1.01101e-115
4.4546e-114
1.94208e-112
8.37686e-111
3.57433e-109
1.50853e-107
6.29654e-106
2.59887e-104
1.06057e-102
4.27869e-101
1.70622e-99
6.72435e-98
2.61874e-96
1.00762e-94
3.82993e-93
1.43784e-91
5.33071e-90
1.95137e-88
7.05179e-87
2.51529e-85
8.85378e-84
3.07495e-82
1.0535e-80
3.55985e-79
1.18616e-77
3.8965e-76
1.26164e-74
4.02561e-73
1.2655e-71
3.91855e-70
1.19486e-68
3.58696e-67
1.05985e-65
3.08143e-64
8.81322e-63
2.47894e-61
6.85517e-60
1.8632e-58
4.97569e-57
1.30514e-55
3.36144e-54
8.49776e-53
2.10783e-51
5.12808e-50
1.22318e-48
2.85932e-47
6.54772e-46
1.46817e-44
3.22196e-43
6.91688e-42
1.45187e-40
2.97811e-39
5.96637e-38
1.16676e-36
2.22581e-35
4.13957e-34
7.50041e-33
1.32303e-31
2.27031e-30
3.78692e-29
6.13489e-28
9.6441e-27
1.46974e-25
2.16926e-24
3.09746e-23
4.27395e-22
5.69186e-21
7.30652e-20
9.02797e-19
1.0721e-17
1.22161e-16
1.33328e-15
1.39109e-14
1.38463e-13
1.31176e-12
1.17985e-11
1.00471e-10
8.0753e-10
6.10516e-09
4.32505e-08
2.85871e-07
1.75436e-06
9.94098e-06
5.16832e-05
0.000244743
0.00104677
0.00400431
0.0135469
0.0400129
0.101729
0.219466
0.397286
0.602714
0.780534
0.898271
0.959987
0.986453
0.995996
0.998953
0.999755
0.999948
0.99999
0.999998
1
1
1
1
1
1
1
1
1
1
1
1
1
1
1
1
1
1
1
1
1
1
1
1
1
1
1
1
1
1
1
1
1
1
1
1
1
1
1
1
1
1
1
1
1
1
1
1
1
1
1
1
1
1
1
1
1
1
1
1
1
1
1
1
1
1
1
1
1
1
1
1
1
1
1
1
1
1
0.999998
0.99999
0.999948
0.999755
0.998953
0.995996
0.986453
0.959987
0.898271
0.780534
0.602714
0.397286
0.219466
0.101729
0.0400129
0.0135469
0.00400431
0.00104677
0.000244743
5.16832e-05
9.94098e-06
1.75436e-06
2.85871e-07
4.32505e-08
6.10516e-09
8.0753e-10
1.00471e-10
1.17985e-11
1.31176e-12
1.38463e-13
1.39109e-14
1.33328e-15
1.22161e-16
1.0721e-17
9.02797e-19
7.30652e-20
5.69186e-21
4.27395e-22
3.09746e-23
2.16926e-24
1.46974e-25
9.6441e-27
6.13489e-28
3.78692e-29
2.27031e-30
1.32303e-31
7.50041e-33
4.13957e-34
2.22581e-35
1.16676e-36
5.96637e-38
2.97811e-39
1.45187e-40
6.91688e-42
3.22196e-43
1.46817e-44
6.54772e-46
2.85932e-47
1.22318e-48
5.12808e-50
2.10783e-51
8.49776e-53
3.36144e-54
1.30514e-55
4.97569e-57
1.8632e-58
6.85517e-60
2.47894e-61
8.81322e-63
3.08143e-64
1.05985e-65
3.58696e-67
1.19486e-68
3.91855e-70
1.2655e-71
4.02561e-73
1.26164e-74
3.8965e-76
1.18616e-77
3.55985e-79
1.0535e-80
3.07495e-82
8.85378e-84
2.51529e-85
7.05179e-87
1.95137e-88
5.33071e-90
1.43784e-91
3.82993e-93
1.00762e-94
2.61874e-96
6.72435e-98
1.70622e-99
4.27869e-101
1.06057e-102
2.59887e-104
6.29654e-106
1.50853e-107
3.57433e-109
8.37686e-111
1.94208e-112
4.4546e-114
1.01101e-115
2.27069e-117
5.04739e-119
1.11053e-120
2.4188e-122
5.21578e-124
1.11361e-125
2.35446e-127
4.92984e-129
1.02236e-130
2.10012e-132
4.27365e-134
8.61601e-136
1.7211e-137
3.40675e-139
6.68258e-141
1.29914e-142
2.50332e-144
4.78141e-146
9.05347e-148
1.69952e-149
3.1632e-151
5.83777e-153
1.06837e-154
1.93903e-156
3.49034e-158
6.23162e-160
1.10361e-161
1.93885e-163
3.37921e-165
5.8433e-167
1.00254e-168
1.70678e-170
2.88343e-172
4.83424e-174
8.04376e-176
1.3284e-177
2.17755e-179
3.54321e-181
5.72327e-183
9.17771e-185
1.46114e-186
2.30963e-188
3.62501e-190
5.64958e-192
8.74352e-194
1.34383e-195
2.05121e-197
3.10962e-199
4.68229e-201
7.00302e-203
1.04042e-204
1.53551e-206
2.25129e-208
3.27924e-210
4.74562e-212
6.82359e-214
9.74883e-216
1.38398e-217
1.9524e-219
2.73705e-221
3.81323e-223
5.2798e-225
7.26565e-227
9.93763e-229
1.35101e-230
1.82567e-232
2.45238e-234
3.27472e-236
4.34708e-238
5.73687e-240
7.52702e-242
9.81879e-244
1.27349e-245
1.6423e-247
2.10593e-249
2.68525e-251
3.40479e-253
4.29316e-255
5.38343e-257
6.71353e-259
8.32661e-261
1.02713e-262
1.26018e-264
1.53784e-266
1.86668e-268
2.25384e-270
2.70699e-272
3.23425e-274
3.8441e-276
4.54533e-278
5.34685e-280
6.25757e-282
7.2862e-284
8.44106e-286
9.72985e-288
1.11594e-289
1.27354e-291
1.44622e-293
1.63424e-295
1.83769e-297
2.05643e-299
2.29009e-301
2.53804e-303
2.79939e-305
3.07299e-307
3.35737e-309
3.65083e-311
3.95136e-313
4.25674e-315
4.56449e-317
4.87124e-319
5.12346e-321
2.47033e-323
0
0
0
0
0
0
0
0
0
0
0
0
0
0
0
0
0
0
0
0
0
0
0
0
0
0
0
0
0
0
0
0
0
0
0
0
0
0
0
0
0
0
0
0
0
0
0
0
0
0
0
0
0
0
0
0
0
0
0
0
0
0
0
0
0
0
0
0
0
0
0
0
0
0
0
0
0
0
0
0
0
0
0
0
0
0
0
0
0
0
0
0
0
0
0
0
0
0
0
0
0
0
0
0
0
0
0
0
0
0
0
0
0
0
0
0
0
0
0
0
0
0
0
0
0
0
0
0
0
0
0
0
0
0
0
0
0
0
0
0
0
0
0
0
0
0
0
0
0
0
0
0
0
0
0
0
0
0
0
0
0
0
0
0
0
0
0
0
0
0
0
0
0
0
0
0
0
0
0
0
0
0
0
0
0
0
0
0
0
0
0
0
0
0
0
0
0
0
0
0
0
0
0
0
0
0
0
0
0
0
0
0
0
0
0
0
0
0
0
0
0
0
0
0
0
0
0
0
0
0
0
0
0
0
0
0
0
0
0
0
0
0
0
0
0
)
;

boundaryField
{
    sides
    {
        type            zeroGradient;
    }
    empty
    {
        type            empty;
    }
}


// ************************************************************************* //
