/*--------------------------------*- C++ -*----------------------------------*\
| =========                 |                                                 |
| \\      /  F ield         | OpenFOAM: The Open Source CFD Toolbox           |
|  \\    /   O peration     | Version:  2312                                  |
|   \\  /    A nd           | Website:  www.openfoam.com                      |
|    \\/     M anipulation  |                                                 |
\*---------------------------------------------------------------------------*/
FoamFile
{
    version     2.0;
    format      ascii;
    arch        "LSB;label=32;scalar=64";
    class       volScalarField;
    location    "2.6";
    object      T;
}
// * * * * * * * * * * * * * * * * * * * * * * * * * * * * * * * * * * * * * //

dimensions      [0 0 0 1 0 0 0];

internalField   nonuniform List<scalar> 
1000
(
0
0
0
0
0
0
0
0
0
0
0
0
0
0
0
0
0
0
0
0
0
0
0
0
0
0
0
0
0
0
0
0
0
0
0
0
0
0
0
0
0
0
0
0
0
0
0
0
0
0
0
0
0
0
0
0
0
0
0
0
0
0
0
0
0
0
0
0
0
0
0
0
0
0
0
0
0
0
0
0
0
0
0
0
0
0
0
0
0
0
0
0
0
0
0
0
0
0
0
0
0
0
0
0
0
0
0
0
0
0
0
0
0
0
0
0
0
0
0
0
0
0
0
0
0
0
0
0
0
0
0
0
0
0
0
0
0
0
0
0
0
0
0
0
0
0
0
0
0
0
0
0
0
0
0
0
0
0
0
0
0
0
0
0
0
0
0
0
0
0
0
0
0
0
0
0
0
0
0
0
0
0
0
0
0
0
0
0
0
0
0
0
0
0
0
0
0
0
0
0
0
0
0
0
0
0
0
0
0
0
0
0
0
0
0
0
0
0
0
0
0
0
0
0
0
0
0
0
0
0
0
0
0
0
0
0
0
0
0
0
0
0
0
0
0
0
0
0
0
0
3.70549e-322
4.26082e-320
4.33891e-318
4.39731e-316
4.4355e-314
4.45291e-312
4.44918e-310
4.42424e-308
4.37834e-306
4.31202e-304
4.22611e-302
4.1217e-300
4.00015e-298
3.86305e-296
3.71213e-294
3.54931e-292
3.37661e-290
3.1961e-288
3.00989e-286
2.82005e-284
2.62862e-282
2.43753e-280
2.24859e-278
2.06345e-276
1.88359e-274
1.71032e-272
1.54472e-270
1.38769e-268
1.23991e-266
1.10186e-264
9.7384e-263
8.55972e-261
7.48216e-259
6.50392e-257
5.62197e-255
4.83227e-253
4.12998e-251
3.50964e-249
2.96538e-247
2.49105e-245
2.08043e-243
1.72734e-241
1.42573e-239
1.16981e-237
9.54106e-236
7.735e-234
6.23289e-232
4.99191e-230
3.97351e-228
3.14335e-226
2.47117e-224
1.93058e-222
1.49874e-220
1.15611e-218
8.86113e-217
6.74797e-215
5.10542e-213
3.83747e-211
2.86544e-209
2.12544e-207
1.56603e-205
1.14609e-203
8.33073e-202
6.01413e-200
4.31186e-198
3.06998e-196
2.17051e-194
1.52377e-192
1.06215e-190
7.3508e-189
5.05058e-187
3.44494e-185
2.33254e-183
1.56769e-181
1.04579e-179
6.924e-178
4.54958e-176
2.9666e-174
1.91951e-172
1.23237e-170
7.85015e-169
4.96104e-167
3.11026e-165
1.93427e-163
1.19318e-161
7.30006e-160
4.42947e-158
2.6653e-156
1.59029e-154
9.40832e-153
5.51842e-151
3.20886e-149
1.84963e-147
1.05677e-145
5.98409e-144
3.35817e-142
1.86748e-140
1.029e-138
5.61755e-137
3.03812e-135
1.6276e-133
8.63647e-132
4.53863e-130
2.36194e-128
1.2171e-126
6.20937e-125
3.13609e-123
1.56783e-121
7.75769e-120
3.79872e-118
1.84061e-116
8.82382e-115
4.18472e-113
1.96307e-111
9.10774e-110
4.17862e-108
1.89559e-106
8.50131e-105
3.76873e-103
1.65124e-101
7.14936e-100
3.05843e-98
1.29252e-96
5.39532e-95
2.22415e-93
9.05327e-92
3.63804e-90
1.44302e-88
5.64863e-87
2.18171e-85
8.31287e-84
3.12407e-82
1.15775e-80
4.23009e-79
1.52344e-77
5.40689e-76
1.89068e-74
6.5123e-73
2.20898e-71
7.37703e-70
2.42489e-68
7.84343e-67
2.49578e-65
7.81028e-64
2.40304e-62
7.26701e-61
2.15931e-59
6.30225e-58
1.80614e-56
5.08075e-55
1.40239e-53
3.79668e-52
1.00778e-50
2.62167e-49
6.68114e-48
1.66721e-46
4.07188e-45
9.72869e-44
2.27272e-42
5.18848e-41
1.15689e-39
2.51799e-38
5.3463e-37
1.10666e-35
2.23171e-34
4.38143e-33
8.36801e-32
1.55349e-30
2.80099e-29
4.9005e-28
8.31159e-27
1.36522e-25
2.16937e-24
3.33098e-23
4.93616e-22
7.05034e-21
9.69214e-20
1.28043e-18
1.62293e-17
1.97004e-16
2.2858e-15
2.52966e-14
2.66404e-13
2.66292e-12
2.51935e-11
2.2489e-10
1.88747e-09
1.48359e-08
1.0873e-07
7.39267e-07
4.6363e-06
2.66431e-05
0.000139221
0.000655599
0.00275303
0.0101822
0.0326907
0.0896081
0.206
0.39094
0.60906
0.794
0.910392
0.967309
0.989818
0.997247
0.999344
0.999861
0.999973
0.999995
0.999999
1
1
1
1
1
1
1
1
1
1
1
1
1
1
1
1
1
1
1
1
1
1
1
1
1
1
1
1
1
1
1
1
1
1
1
1
1
1
1
1
1
1
1
1
1
1
1
1
1
1
1
1
1
1
1
1
1
1
1
1
1
1
1
1
1
1
1
1
1
1
1
1
1
1
1
1
1
1
0.999999
0.999995
0.999973
0.999861
0.999344
0.997247
0.989818
0.967309
0.910392
0.794
0.60906
0.39094
0.206
0.0896081
0.0326907
0.0101822
0.00275303
0.000655599
0.000139221
2.66431e-05
4.6363e-06
7.39267e-07
1.0873e-07
1.48359e-08
1.88747e-09
2.2489e-10
2.51935e-11
2.66292e-12
2.66404e-13
2.52966e-14
2.2858e-15
1.97004e-16
1.62293e-17
1.28043e-18
9.69214e-20
7.05034e-21
4.93616e-22
3.33098e-23
2.16937e-24
1.36522e-25
8.31159e-27
4.9005e-28
2.80099e-29
1.55349e-30
8.36801e-32
4.38143e-33
2.23171e-34
1.10666e-35
5.3463e-37
2.51799e-38
1.15689e-39
5.18848e-41
2.27272e-42
9.72869e-44
4.07188e-45
1.66721e-46
6.68114e-48
2.62167e-49
1.00778e-50
3.79668e-52
1.40239e-53
5.08075e-55
1.80614e-56
6.30225e-58
2.15931e-59
7.26701e-61
2.40304e-62
7.81028e-64
2.49578e-65
7.84343e-67
2.42489e-68
7.37703e-70
2.20898e-71
6.5123e-73
1.89068e-74
5.40689e-76
1.52344e-77
4.23009e-79
1.15775e-80
3.12407e-82
8.31287e-84
2.18171e-85
5.64863e-87
1.44302e-88
3.63804e-90
9.05327e-92
2.22415e-93
5.39532e-95
1.29252e-96
3.05843e-98
7.14936e-100
1.65124e-101
3.76873e-103
8.50131e-105
1.89559e-106
4.17862e-108
9.10774e-110
1.96307e-111
4.18472e-113
8.82382e-115
1.84061e-116
3.79872e-118
7.75769e-120
1.56783e-121
3.13609e-123
6.20937e-125
1.2171e-126
2.36194e-128
4.53863e-130
8.63647e-132
1.6276e-133
3.03812e-135
5.61755e-137
1.029e-138
1.86748e-140
3.35817e-142
5.98409e-144
1.05677e-145
1.84963e-147
3.20886e-149
5.51842e-151
9.40832e-153
1.59029e-154
2.6653e-156
4.42947e-158
7.30006e-160
1.19318e-161
1.93427e-163
3.11026e-165
4.96104e-167
7.85015e-169
1.23237e-170
1.91951e-172
2.9666e-174
4.54958e-176
6.924e-178
1.04579e-179
1.56769e-181
2.33254e-183
3.44494e-185
5.05058e-187
7.3508e-189
1.06215e-190
1.52377e-192
2.17051e-194
3.06998e-196
4.31186e-198
6.01413e-200
8.33073e-202
1.14609e-203
1.56603e-205
2.12544e-207
2.86544e-209
3.83747e-211
5.10542e-213
6.74797e-215
8.86113e-217
1.15611e-218
1.49874e-220
1.93058e-222
2.47117e-224
3.14335e-226
3.97351e-228
4.99191e-230
6.23289e-232
7.735e-234
9.54106e-236
1.16981e-237
1.42573e-239
1.72734e-241
2.08043e-243
2.49105e-245
2.96538e-247
3.50964e-249
4.12998e-251
4.83227e-253
5.62197e-255
6.50392e-257
7.48216e-259
8.55972e-261
9.7384e-263
1.10186e-264
1.23991e-266
1.38769e-268
1.54472e-270
1.71032e-272
1.88359e-274
2.06345e-276
2.24859e-278
2.43753e-280
2.62862e-282
2.82005e-284
3.00989e-286
3.1961e-288
3.37661e-290
3.54931e-292
3.71213e-294
3.86305e-296
4.00015e-298
4.1217e-300
4.22611e-302
4.31202e-304
4.37834e-306
4.42424e-308
4.44918e-310
4.45291e-312
4.4355e-314
4.39731e-316
4.33891e-318
4.26082e-320
3.70549e-322
0
0
0
0
0
0
0
0
0
0
0
0
0
0
0
0
0
0
0
0
0
0
0
0
0
0
0
0
0
0
0
0
0
0
0
0
0
0
0
0
0
0
0
0
0
0
0
0
0
0
0
0
0
0
0
0
0
0
0
0
0
0
0
0
0
0
0
0
0
0
0
0
0
0
0
0
0
0
0
0
0
0
0
0
0
0
0
0
0
0
0
0
0
0
0
0
0
0
0
0
0
0
0
0
0
0
0
0
0
0
0
0
0
0
0
0
0
0
0
0
0
0
0
0
0
0
0
0
0
0
0
0
0
0
0
0
0
0
0
0
0
0
0
0
0
0
0
0
0
0
0
0
0
0
0
0
0
0
0
0
0
0
0
0
0
0
0
0
0
0
0
0
0
0
0
0
0
0
0
0
0
0
0
0
0
0
0
0
0
0
0
0
0
0
0
0
0
0
0
0
0
0
0
0
0
0
0
0
0
0
0
0
0
0
0
0
0
0
0
0
0
0
0
0
0
0
0
0
0
0
0
0
0
0
0
0
0
0
0
0
0
0
0
0
0
0
0
0
0
0
)
;

boundaryField
{
    sides
    {
        type            zeroGradient;
    }
    empty
    {
        type            empty;
    }
}


// ************************************************************************* //
