/*--------------------------------*- C++ -*----------------------------------*\
| =========                 |                                                 |
| \\      /  F ield         | OpenFOAM: The Open Source CFD Toolbox           |
|  \\    /   O peration     | Version:  2312                                  |
|   \\  /    A nd           | Website:  www.openfoam.com                      |
|    \\/     M anipulation  |                                                 |
\*---------------------------------------------------------------------------*/
FoamFile
{
    version     2.0;
    format      ascii;
    arch        "LSB;label=32;scalar=64";
    class       volScalarField;
    location    "2.5";
    object      T;
}
// * * * * * * * * * * * * * * * * * * * * * * * * * * * * * * * * * * * * * //

dimensions      [0 0 0 1 0 0 0];

internalField   nonuniform List<scalar> 
1000
(
3.49841e-117
7.61466e-117
2.09187e-116
5.93753e-116
1.68993e-115
4.80497e-115
1.36419e-114
3.86721e-114
1.09459e-113
3.0934e-113
8.72871e-113
2.45919e-112
6.91768e-112
1.94292e-111
5.44845e-111
1.52551e-110
4.2646e-110
1.19032e-109
3.31715e-109
9.22969e-109
2.56404e-108
7.1118e-108
1.96946e-107
5.44539e-107
1.50322e-106
4.1431e-106
1.14009e-105
3.13227e-105
8.59184e-105
2.35298e-104
6.43362e-104
1.75628e-103
4.78669e-103
1.3025e-102
3.53847e-102
9.59739e-102
2.59888e-101
7.02611e-101
1.89643e-100
5.11036e-100
1.37485e-99
3.69276e-99
9.90227e-99
2.65097e-98
7.08534e-98
1.8906e-97
5.03644e-97
1.33945e-96
3.55642e-96
9.42706e-96
2.49469e-95
6.59074e-95
1.73831e-94
4.57712e-94
1.20318e-93
3.15746e-93
8.27209e-93
2.16352e-92
5.64901e-92
1.47248e-91
3.83169e-91
9.95391e-91
2.58142e-90
6.68316e-90
1.72728e-89
4.45659e-89
1.14788e-88
2.95151e-88
7.57609e-88
1.94132e-87
4.9659e-87
1.26808e-86
3.23254e-86
8.22594e-86
2.08964e-85
5.29907e-85
1.34143e-84
3.38983e-84
8.55116e-84
2.15332e-83
5.41287e-83
1.35825e-82
3.40225e-82
8.50711e-82
2.12338e-81
5.29055e-81
1.31583e-80
3.26683e-80
8.09607e-80
2.00283e-79
4.94579e-79
1.21912e-78
2.99967e-78
7.36744e-78
1.80624e-77
4.42024e-77
1.07976e-76
2.63282e-76
6.40799e-76
1.55679e-75
3.77523e-75
9.13819e-75
2.2079e-74
5.32476e-74
1.2818e-73
3.07991e-73
7.38672e-73
1.76832e-72
4.22534e-72
1.00775e-71
2.39904e-71
5.70046e-71
1.35197e-70
3.20046e-70
7.56205e-70
1.7834e-69
4.19798e-69
9.86301e-69
2.3129e-68
5.41351e-68
1.26467e-67
2.9488e-67
6.86257e-67
1.59403e-66
3.69552e-66
8.55106e-66
1.97483e-65
4.55199e-65
1.04721e-64
2.40452e-64
5.51036e-64
1.26034e-63
2.87708e-63
6.55493e-63
1.49052e-62
3.38263e-62
7.66164e-62
1.73195e-61
3.90746e-61
8.79825e-61
1.97715e-60
4.4343e-60
9.92539e-60
2.21721e-59
4.94313e-59
1.09984e-58
2.44225e-58
5.41229e-58
1.19702e-57
2.64208e-57
5.81991e-57
1.27941e-56
2.8069e-56
6.14559e-56
1.34282e-55
2.92813e-55
6.372e-55
1.38381e-54
2.99907e-54
6.48647e-54
1.40003e-53
3.0156e-53
6.48208e-53
1.39046e-52
2.97648e-52
6.3584e-52
1.35547e-51
2.88356e-51
6.12156e-51
1.29685e-50
2.74161e-50
5.78377e-50
1.2176e-49
2.5579e-49
5.36225e-49
1.12174e-48
2.34163e-48
4.87779e-48
1.01392e-47
2.10311e-47
4.35304e-47
8.99072e-47
1.85296e-46
3.81072e-46
7.82012e-46
1.60135e-45
3.27204e-45
6.67136e-45
1.35728e-44
2.75538e-44
5.58148e-44
1.12816e-43
2.27534e-43
4.579e-43
9.19483e-43
1.84232e-42
3.68323e-42
7.34747e-42
1.46247e-41
2.90454e-41
5.75579e-41
1.13807e-40
2.24526e-40
4.41975e-40
8.68078e-40
1.70117e-39
3.32633e-39
6.48946e-39
1.26321e-38
2.45336e-38
4.75411e-38
9.19168e-38
1.77311e-37
3.41266e-37
6.55333e-37
1.25557e-36
2.4001e-36
4.57747e-36
8.71018e-36
1.6536e-35
3.13212e-35
5.91895e-35
1.11596e-34
2.09918e-34
3.93953e-34
7.3762e-34
1.37788e-33
2.5679e-33
4.77456e-33
8.85674e-33
1.63907e-32
3.02624e-32
5.57428e-32
1.02436e-31
1.87798e-31
3.43484e-31
6.26748e-31
1.14091e-30
2.07194e-30
3.7538e-30
6.7847e-30
1.22336e-29
2.20058e-29
3.94896e-29
7.06944e-29
1.26254e-28
2.24935e-28
3.99783e-28
7.08829e-28
1.25374e-27
2.21218e-27
3.89386e-27
6.83728e-27
1.19764e-26
2.09273e-26
3.64784e-26
6.34301e-26
1.10025e-25
1.90378e-25
3.28606e-25
5.65801e-25
9.71806e-25
1.66503e-24
2.84568e-24
4.85148e-24
8.25055e-24
1.39962e-23
2.3684e-23
3.99773e-23
6.73111e-23
1.1305e-22
1.89394e-22
3.16496e-22
5.27568e-22
8.77188e-22
1.45482e-21
2.40674e-21
3.97143e-21
6.53677e-21
1.07319e-20
1.75745e-20
2.87067e-20
4.67706e-20
7.6007e-20
1.23203e-19
1.99194e-19
3.21228e-19
5.16696e-19
8.28967e-19
1.32654e-18
2.11728e-18
3.37065e-18
5.35209e-18
8.47629e-18
1.33894e-17
2.10952e-17
3.31493e-17
5.19556e-17
8.12185e-17
1.26631e-16
1.96919e-16
3.05419e-16
4.72456e-16
7.28928e-16
1.12166e-15
1.72145e-15
2.635e-15
4.02268e-15
6.12492e-15
9.30107e-15
1.40868e-14
2.12782e-14
3.20555e-14
4.81629e-14
7.21709e-14
1.07858e-13
1.6076e-13
2.38968e-13
3.54273e-13
5.23805e-13
7.72383e-13
1.13587e-12
1.66591e-12
2.4367e-12
3.55452e-12
5.17112e-12
7.50261e-12
1.08558e-11
1.56652e-11
2.25439e-11
3.2355e-11
4.63097e-11
6.61026e-11
9.40981e-11
1.33585e-10
1.89125e-10
2.67024e-10
3.75979e-10
5.27943e-10
7.39297e-10
1.03243e-09
1.43782e-09
1.99691e-09
2.76577e-09
3.82012e-09
5.26188e-09
7.2278e-09
9.90087e-09
1.35251e-08
1.8425e-08
2.50306e-08
3.39104e-08
4.58134e-08
6.17231e-08
8.29274e-08
1.11108e-07
1.48451e-07
1.97795e-07
2.62809e-07
3.48223e-07
4.60115e-07
6.0627e-07
7.96629e-07
1.04385e-06
1.36397e-06
1.77732e-06
2.30948e-06
2.99261e-06
3.86701e-06
4.98296e-06
6.40307e-06
8.20496e-06
1.04846e-05
1.33603e-05
1.69772e-05
2.15131e-05
2.7185e-05
3.42564e-05
4.3047e-05
5.39426e-05
6.74075e-05
8.39989e-05
0.000104382
0.000129351
0.000159847
0.000196982
0.00024207
0.000296652
0.000362531
0.000441811
0.000536936
0.000650732
0.000786463
0.000947877
0.00113926
0.00136551
0.00163217
0.00194554
0.0023127
0.00274159
0.00324111
0.00382115
0.00449267
0.0052678
0.00615983
0.00718333
0.00835417
0.00968954
0.011208
0.0129295
0.0148753
0.017068
0.0195317
0.0222913
0.0253733
0.0288049
0.0326142
0.0368302
0.0414822
0.0465999
0.0522129
0.0583506
0.0650418
0.0723145
0.0801953
0.0887093
0.0978797
0.107727
0.11827
0.129523
0.141497
0.154201
0.167638
0.181807
0.196704
0.212318
0.228634
0.245632
0.263287
0.281569
0.300443
0.319869
0.339803
0.360195
0.380994
0.402142
0.423582
0.44525
0.467084
0.489017
0.510983
0.532916
0.55475
0.576418
0.597858
0.619006
0.639805
0.660197
0.680131
0.699556
0.71843
0.736712
0.754367
0.771365
0.787681
0.803294
0.81819
0.832359
0.845795
0.858498
0.870471
0.881722
0.892262
0.902107
0.911274
0.919783
0.927658
0.934924
0.941606
0.947733
0.953333
0.958434
0.963065
0.967256
0.971035
0.97443
0.977467
0.980172
0.982569
0.984683
0.986534
0.988141
0.989524
0.990698
0.991677
0.992475
0.9931
0.993562
0.993866
0.994017
0.994017
0.993866
0.993562
0.9931
0.992475
0.991677
0.990698
0.989524
0.988141
0.986534
0.984683
0.982569
0.980172
0.977467
0.97443
0.971035
0.967256
0.963065
0.958434
0.953333
0.947733
0.941606
0.934924
0.927658
0.919783
0.911274
0.902107
0.892262
0.881722
0.870471
0.858498
0.845795
0.832359
0.81819
0.803294
0.787681
0.771365
0.754367
0.736712
0.71843
0.699556
0.680131
0.660197
0.639805
0.619006
0.597858
0.576418
0.55475
0.532916
0.510983
0.489017
0.467084
0.44525
0.423582
0.402142
0.380994
0.360195
0.339803
0.319869
0.300443
0.281569
0.263287
0.245632
0.228634
0.212318
0.196704
0.181807
0.167638
0.154201
0.141497
0.129523
0.11827
0.107727
0.0978797
0.0887093
0.0801953
0.0723145
0.0650418
0.0583506
0.0522129
0.0465999
0.0414822
0.0368302
0.0326142
0.0288049
0.0253733
0.0222913
0.0195317
0.017068
0.0148753
0.0129295
0.011208
0.00968954
0.00835417
0.00718333
0.00615983
0.0052678
0.00449267
0.00382115
0.00324111
0.00274159
0.0023127
0.00194554
0.00163217
0.00136551
0.00113926
0.000947877
0.000786463
0.000650732
0.000536936
0.000441811
0.000362531
0.000296652
0.00024207
0.000196982
0.000159847
0.000129351
0.000104382
8.39989e-05
6.74075e-05
5.39426e-05
4.3047e-05
3.42564e-05
2.7185e-05
2.15131e-05
1.69772e-05
1.33603e-05
1.04846e-05
8.20496e-06
6.40307e-06
4.98296e-06
3.86701e-06
2.99261e-06
2.30948e-06
1.77732e-06
1.36397e-06
1.04385e-06
7.96629e-07
6.0627e-07
4.60115e-07
3.48223e-07
2.62809e-07
1.97795e-07
1.48451e-07
1.11108e-07
8.29274e-08
6.17231e-08
4.58134e-08
3.39104e-08
2.50306e-08
1.8425e-08
1.35251e-08
9.90087e-09
7.2278e-09
5.26188e-09
3.82012e-09
2.76577e-09
1.99691e-09
1.43782e-09
1.03243e-09
7.39297e-10
5.27943e-10
3.75979e-10
2.67024e-10
1.89125e-10
1.33585e-10
9.40981e-11
6.61026e-11
4.63097e-11
3.2355e-11
2.25439e-11
1.56652e-11
1.08558e-11
7.50261e-12
5.17112e-12
3.55452e-12
2.4367e-12
1.66591e-12
1.13587e-12
7.72383e-13
5.23805e-13
3.54273e-13
2.38968e-13
1.6076e-13
1.07858e-13
7.21709e-14
4.81629e-14
3.20555e-14
2.12782e-14
1.40868e-14
9.30107e-15
6.12492e-15
4.02268e-15
2.635e-15
1.72145e-15
1.12166e-15
7.28928e-16
4.72456e-16
3.05419e-16
1.96919e-16
1.26631e-16
8.12185e-17
5.19556e-17
3.31493e-17
2.10952e-17
1.33894e-17
8.47629e-18
5.35209e-18
3.37065e-18
2.11728e-18
1.32654e-18
8.28967e-19
5.16696e-19
3.21228e-19
1.99194e-19
1.23203e-19
7.6007e-20
4.67706e-20
2.87067e-20
1.75745e-20
1.07319e-20
6.53677e-21
3.97143e-21
2.40674e-21
1.45482e-21
8.77188e-22
5.27568e-22
3.16496e-22
1.89394e-22
1.1305e-22
6.73111e-23
3.99773e-23
2.3684e-23
1.39962e-23
8.25055e-24
4.85148e-24
2.84568e-24
1.66503e-24
9.71806e-25
5.65801e-25
3.28606e-25
1.90378e-25
1.10025e-25
6.34301e-26
3.64784e-26
2.09273e-26
1.19764e-26
6.83728e-27
3.89386e-27
2.21218e-27
1.25374e-27
7.08829e-28
3.99783e-28
2.24935e-28
1.26254e-28
7.06944e-29
3.94896e-29
2.20058e-29
1.22336e-29
6.7847e-30
3.7538e-30
2.07194e-30
1.14091e-30
6.26748e-31
3.43484e-31
1.87798e-31
1.02436e-31
5.57428e-32
3.02624e-32
1.63907e-32
8.85674e-33
4.77456e-33
2.5679e-33
1.37788e-33
7.3762e-34
3.93953e-34
2.09918e-34
1.11596e-34
5.91895e-35
3.13212e-35
1.6536e-35
8.71018e-36
4.57747e-36
2.4001e-36
1.25557e-36
6.55333e-37
3.41266e-37
1.77311e-37
9.19168e-38
4.75411e-38
2.45336e-38
1.26321e-38
6.48946e-39
3.32633e-39
1.70117e-39
8.68078e-40
4.41975e-40
2.24526e-40
1.13807e-40
5.75579e-41
2.90454e-41
1.46247e-41
7.34747e-42
3.68323e-42
1.84232e-42
9.19483e-43
4.579e-43
2.27534e-43
1.12816e-43
5.58148e-44
2.75538e-44
1.35728e-44
6.67136e-45
3.27204e-45
1.60135e-45
7.82012e-46
3.81072e-46
1.85296e-46
8.99072e-47
4.35304e-47
2.10311e-47
1.01392e-47
4.87779e-48
2.34163e-48
1.12174e-48
5.36225e-49
2.5579e-49
1.2176e-49
5.78377e-50
2.74161e-50
1.29685e-50
6.12156e-51
2.88356e-51
1.35547e-51
6.3584e-52
2.97648e-52
1.39046e-52
6.48208e-53
3.0156e-53
1.40003e-53
6.48647e-54
2.99907e-54
1.38381e-54
6.372e-55
2.92813e-55
1.34282e-55
6.14559e-56
2.8069e-56
1.27941e-56
5.81991e-57
2.64208e-57
1.19702e-57
5.41229e-58
2.44225e-58
1.09984e-58
4.94313e-59
2.21721e-59
9.92539e-60
4.4343e-60
1.97715e-60
8.79825e-61
3.90746e-61
1.73195e-61
7.66164e-62
3.38263e-62
1.49052e-62
6.55493e-63
2.87708e-63
1.26034e-63
5.51036e-64
2.40452e-64
1.04721e-64
4.55199e-65
1.97483e-65
8.55106e-66
3.69552e-66
1.59403e-66
6.86257e-67
2.9488e-67
1.26467e-67
5.41351e-68
2.3129e-68
9.86301e-69
4.19798e-69
1.7834e-69
7.56205e-70
3.20046e-70
1.35197e-70
5.70046e-71
2.39904e-71
1.00775e-71
4.22534e-72
1.76832e-72
7.38672e-73
3.07991e-73
1.2818e-73
5.32476e-74
2.2079e-74
9.13819e-75
3.77523e-75
1.55679e-75
6.40799e-76
2.63282e-76
1.07976e-76
4.42024e-77
1.80624e-77
7.36744e-78
2.99967e-78
1.21912e-78
4.94579e-79
2.00283e-79
8.09607e-80
3.26683e-80
1.31583e-80
5.29055e-81
2.12338e-81
8.50711e-82
3.40225e-82
1.35825e-82
5.41287e-83
2.15332e-83
8.55116e-84
3.38983e-84
1.34143e-84
5.29907e-85
2.08964e-85
8.22594e-86
3.23254e-86
1.26808e-86
4.9659e-87
1.94132e-87
7.57609e-88
2.95151e-88
1.14788e-88
4.45659e-89
1.72728e-89
6.68316e-90
2.58142e-90
9.95391e-91
3.83169e-91
1.47248e-91
5.64901e-92
2.16352e-92
8.27209e-93
3.15746e-93
1.20318e-93
4.57712e-94
1.73831e-94
6.59074e-95
2.49469e-95
9.42706e-96
3.55642e-96
1.33945e-96
5.03644e-97
1.8906e-97
7.08534e-98
2.65097e-98
9.90227e-99
3.69276e-99
1.37485e-99
5.11036e-100
1.89643e-100
7.02611e-101
2.59888e-101
9.59739e-102
3.53847e-102
1.3025e-102
4.78669e-103
1.75628e-103
6.43362e-104
2.35298e-104
8.59184e-105
3.13227e-105
1.14009e-105
4.1431e-106
1.50322e-106
5.44539e-107
1.96946e-107
7.1118e-108
2.56404e-108
9.22969e-109
3.31715e-109
1.19032e-109
4.2646e-110
1.52551e-110
5.44845e-111
1.94292e-111
6.91768e-112
2.45919e-112
8.72871e-113
3.0934e-113
1.09459e-113
3.86721e-114
1.36419e-114
4.80497e-115
1.68993e-115
5.93753e-116
2.09187e-116
7.61466e-117
3.49841e-117
)
;

boundaryField
{
    sides
    {
        type            zeroGradient;
    }
    empty
    {
        type            empty;
    }
}


// ************************************************************************* //
