/*--------------------------------*- C++ -*----------------------------------*\
| =========                 |                                                 |
| \\      /  F ield         | OpenFOAM: The Open Source CFD Toolbox           |
|  \\    /   O peration     | Version:  2312                                  |
|   \\  /    A nd           | Website:  www.openfoam.com                      |
|    \\/     M anipulation  |                                                 |
\*---------------------------------------------------------------------------*/
FoamFile
{
    version     2.0;
    format      ascii;
    arch        "LSB;label=32;scalar=64";
    class       volScalarField;
    location    "3.3";
    object      T;
}
// * * * * * * * * * * * * * * * * * * * * * * * * * * * * * * * * * * * * * //

dimensions      [0 0 0 1 0 0 0];

internalField   nonuniform List<scalar> 
1000
(
8.27139e-94
1.47001e-93
3.28429e-93
7.70534e-93
1.82197e-92
4.30912e-92
1.01798e-91
2.40158e-91
5.65763e-91
1.33092e-90
3.12642e-90
7.33365e-90
1.71778e-89
4.01782e-89
9.38399e-89
2.18855e-88
5.09681e-88
1.18526e-87
2.7523e-87
6.38186e-87
1.47764e-86
3.41631e-86
7.887e-86
1.81816e-85
4.18522e-85
9.61982e-85
2.2079e-84
5.06002e-84
1.15794e-83
2.64595e-83
6.03721e-83
1.37546e-82
3.12909e-82
7.10793e-82
1.61222e-81
3.6514e-81
8.2575e-81
1.86462e-80
4.20419e-80
9.46512e-80
2.12774e-79
4.77596e-79
1.07041e-78
2.39545e-78
5.35265e-78
1.19425e-77
2.66052e-77
5.91808e-77
1.31443e-76
2.91497e-76
6.45462e-76
1.42708e-75
3.15037e-75
6.94405e-75
1.52827e-74
3.35833e-74
7.36853e-74
1.61425e-73
3.53097e-73
7.71166e-73
1.68164e-72
3.66139e-72
7.95955e-72
1.72766e-71
3.74416e-71
8.1017e-71
1.75034e-70
3.77565e-70
8.13175e-70
1.74863e-69
3.75432e-69
8.04796e-69
1.72249e-68
3.68085e-68
7.85333e-68
1.67292e-67
3.55805e-67
7.55549e-67
1.60186e-66
3.39078e-66
7.16612e-66
1.51209e-65
3.18553e-65
6.70027e-65
1.40705e-64
2.95007e-64
6.17531e-64
1.29059e-63
2.69292e-63
5.60994e-63
1.16679e-62
2.42286e-62
5.02298e-62
1.03966e-61
2.14842e-61
4.43243e-61
9.12976e-61
1.87746e-60
3.85454e-60
7.90073e-60
1.61678e-59
3.30313e-59
6.73733e-59
1.37195e-58
2.78916e-58
5.66102e-58
1.1471e-57
2.32054e-57
4.68661e-57
9.44954e-57
1.90214e-56
3.82255e-56
7.66906e-56
1.53606e-55
3.0715e-55
6.1315e-55
1.22196e-54
2.4312e-54
4.82899e-54
9.57552e-54
1.89556e-53
3.74613e-53
7.39087e-53
1.45571e-52
2.86232e-52
5.6186e-52
1.10103e-51
2.15395e-51
4.20661e-51
8.20142e-51
1.59627e-50
3.10156e-50
6.01605e-50
1.16493e-49
2.25187e-49
4.3455e-49
8.37125e-49
1.60988e-48
3.09062e-48
5.9231e-48
1.13319e-47
2.16422e-47
4.12618e-47
7.85309e-47
1.49203e-46
2.82982e-46
5.35774e-46
1.01262e-45
1.91052e-45
3.5983e-45
6.76519e-45
1.2697e-44
2.3788e-44
4.44887e-44
8.30569e-44
1.54787e-43
2.87956e-43
5.34747e-43
9.9129e-43
1.83435e-42
3.38837e-42
6.2478e-42
1.14998e-41
2.11288e-41
3.87512e-41
7.09443e-41
1.2965e-40
2.36508e-40
4.30665e-40
7.82802e-40
1.42031e-39
2.57234e-39
4.65038e-39
8.39198e-39
1.51165e-38
2.71802e-38
4.87826e-38
8.73949e-38
1.56285e-37
2.78968e-37
4.9705e-37
8.83997e-37
1.5693e-36
2.78077e-36
4.91844e-36
8.68342e-36
1.53022e-35
2.69165e-35
4.72586e-35
8.28209e-35
1.44876e-34
2.52957e-34
4.40851e-34
7.66885e-34
1.33156e-33
2.30772e-33
3.99204e-33
6.89281e-33
1.18791e-32
2.04344e-32
3.50852e-32
6.01272e-32
1.02849e-31
1.75596e-31
2.99234e-31
5.08965e-31
8.6406e-31
1.46413e-30
2.47623e-30
4.18005e-30
7.04282e-30
1.18437e-29
1.98792e-29
3.33032e-29
5.56857e-29
9.29335e-29
1.548e-28
2.57357e-28
4.27042e-28
7.07248e-28
1.16906e-27
1.92872e-27
3.17587e-27
5.21939e-27
8.56127e-27
1.40158e-26
2.2901e-26
3.73467e-26
6.07865e-26
9.87457e-26
1.60098e-25
2.59063e-25
4.1839e-25
6.74386e-25
1.08489e-24
1.74188e-24
2.79124e-24
4.46401e-24
7.12527e-24
1.13507e-23
1.80465e-23
2.86356e-23
4.53486e-23
7.16744e-23
1.13059e-22
1.77988e-22
2.79649e-22
4.38506e-22
6.86241e-22
1.0718e-21
1.67067e-21
2.59896e-21
4.035e-21
6.25204e-21
9.6679e-21
1.49202e-20
2.29799e-20
3.53224e-20
5.41854e-20
8.2955e-20
1.26745e-19
1.93261e-19
2.94091e-19
4.46627e-19
6.76912e-19
1.02386e-18
1.54552e-18
2.32823e-18
3.50024e-18
5.25158e-18
7.86322e-18
1.17497e-17
1.75215e-17
2.60755e-17
3.87264e-17
5.7398e-17
8.48983e-17
1.25318e-16
1.84604e-16
2.7138e-16
3.98131e-16
5.82885e-16
8.51624e-16
1.24171e-15
1.80676e-15
2.62353e-15
3.80169e-15
5.49759e-15
7.93362e-15
1.14255e-14
1.64202e-14
2.35496e-14
3.37046e-14
4.81389e-14
6.86123e-14
9.75901e-14
1.38518e-13
1.96203e-13
2.77333e-13
3.91195e-13
5.50654e-13
7.73498e-13
1.08426e-12
1.5167e-12
2.11718e-12
2.94924e-12
4.09969e-12
5.687e-12
7.87236e-12
1.08747e-11
1.49905e-11
2.06207e-11
2.83059e-11
3.87738e-11
5.30012e-11
7.22967e-11
9.84093e-11
1.33671e-10
1.81186e-10
2.45072e-10
3.30785e-10
4.45534e-10
5.98822e-10
8.03148e-10
1.07492e-09
1.4356e-09
1.91325e-09
2.54443e-09
3.37667e-09
4.47162e-09
5.90907e-09
7.79204e-09
1.02532e-08
1.34632e-08
1.76405e-08
2.30649e-08
3.00931e-08
3.91794e-08
5.09008e-08
6.59883e-08
8.53658e-08
1.10198e-07
1.41952e-07
1.82465e-07
2.34042e-07
2.99558e-07
3.82597e-07
4.87614e-07
6.2013e-07
7.86979e-07
9.96589e-07
1.25934e-06
1.58796e-06
1.99808e-06
2.50874e-06
3.1432e-06
3.92972e-06
4.90257e-06
6.10321e-06
7.58168e-06
9.39822e-06
1.16251e-05
1.43491e-05
1.76736e-05
2.17219e-05
2.66406e-05
3.26035e-05
3.98161e-05
4.85208e-05
5.90027e-05
7.15963e-05
8.66932e-05
0.00010475
0.0001263
0.000151959
0.000182443
0.000218578
0.000261315
0.000311745
0.000371122
0.000440872
0.000522626
0.000618231
0.000729782
0.000859645
0.00101049
0.00118529
0.00138742
0.00162061
0.00188902
0.00219728
0.0025505
0.00295431
0.00341493
0.00393914
0.00453437
0.00520872
0.00597096
0.00683059
0.00779785
0.00888375
0.0101001
0.0114593
0.0129749
0.014661
0.0165323
0.0186047
0.0208944
0.0234185
0.0261946
0.0292409
0.0325761
0.0362193
0.0401897
0.0445069
0.0491905
0.05426
0.0597346
0.0656331
0.071974
0.0787746
0.0860517
0.0938209
0.102096
0.110891
0.120216
0.130081
0.140493
0.151456
0.162975
0.17505
0.187677
0.200852
0.214568
0.228814
0.243576
0.258839
0.274582
0.290784
0.307419
0.324461
0.341879
0.359641
0.377711
0.396053
0.414628
0.433397
0.452317
0.471346
0.490441
0.509557
0.528652
0.547681
0.566601
0.585369
0.603944
0.622285
0.640354
0.658115
0.675531
0.692571
0.709205
0.725404
0.741144
0.756402
0.771159
0.785399
0.799108
0.812275
0.824891
0.836953
0.848457
0.859403
0.869793
0.879632
0.888926
0.897685
0.905918
0.913637
0.920854
0.927585
0.933844
0.939647
0.94501
0.94995
0.954483
0.958625
0.962393
0.965803
0.96887
0.971608
0.974031
0.976151
0.97798
0.979529
0.980805
0.981816
0.98257
0.983069
0.983318
0.983318
0.983069
0.98257
0.981816
0.980805
0.979529
0.97798
0.976151
0.974031
0.971608
0.96887
0.965803
0.962393
0.958625
0.954483
0.94995
0.94501
0.939647
0.933844
0.927585
0.920854
0.913637
0.905918
0.897685
0.888926
0.879632
0.869793
0.859403
0.848457
0.836953
0.824891
0.812275
0.799108
0.785399
0.771159
0.756402
0.741144
0.725404
0.709205
0.692571
0.675531
0.658115
0.640354
0.622285
0.603944
0.585369
0.566601
0.547681
0.528652
0.509557
0.490441
0.471346
0.452317
0.433397
0.414628
0.396053
0.377711
0.359641
0.341879
0.324461
0.307419
0.290784
0.274582
0.258839
0.243576
0.228814
0.214568
0.200852
0.187677
0.17505
0.162975
0.151456
0.140493
0.130081
0.120216
0.110891
0.102096
0.0938209
0.0860517
0.0787746
0.071974
0.0656331
0.0597346
0.05426
0.0491905
0.0445069
0.0401897
0.0362193
0.0325761
0.0292409
0.0261946
0.0234185
0.0208944
0.0186047
0.0165323
0.014661
0.0129749
0.0114593
0.0101001
0.00888375
0.00779785
0.00683059
0.00597096
0.00520872
0.00453437
0.00393914
0.00341493
0.00295431
0.0025505
0.00219728
0.00188902
0.00162061
0.00138742
0.00118529
0.00101049
0.000859645
0.000729782
0.000618231
0.000522626
0.000440872
0.000371122
0.000311745
0.000261315
0.000218578
0.000182443
0.000151959
0.0001263
0.00010475
8.66932e-05
7.15963e-05
5.90027e-05
4.85208e-05
3.98161e-05
3.26035e-05
2.66406e-05
2.17219e-05
1.76736e-05
1.43491e-05
1.16251e-05
9.39822e-06
7.58168e-06
6.10321e-06
4.90257e-06
3.92972e-06
3.1432e-06
2.50874e-06
1.99808e-06
1.58796e-06
1.25934e-06
9.96589e-07
7.86979e-07
6.2013e-07
4.87614e-07
3.82597e-07
2.99558e-07
2.34042e-07
1.82465e-07
1.41952e-07
1.10198e-07
8.53658e-08
6.59883e-08
5.09008e-08
3.91794e-08
3.00931e-08
2.30649e-08
1.76405e-08
1.34632e-08
1.02532e-08
7.79204e-09
5.90907e-09
4.47162e-09
3.37667e-09
2.54443e-09
1.91325e-09
1.4356e-09
1.07492e-09
8.03148e-10
5.98822e-10
4.45534e-10
3.30785e-10
2.45072e-10
1.81186e-10
1.33671e-10
9.84093e-11
7.22967e-11
5.30012e-11
3.87738e-11
2.83059e-11
2.06207e-11
1.49905e-11
1.08747e-11
7.87236e-12
5.687e-12
4.09969e-12
2.94924e-12
2.11718e-12
1.5167e-12
1.08426e-12
7.73498e-13
5.50654e-13
3.91195e-13
2.77333e-13
1.96203e-13
1.38518e-13
9.75901e-14
6.86123e-14
4.81389e-14
3.37046e-14
2.35496e-14
1.64202e-14
1.14255e-14
7.93362e-15
5.49759e-15
3.80169e-15
2.62353e-15
1.80676e-15
1.24171e-15
8.51624e-16
5.82885e-16
3.98131e-16
2.7138e-16
1.84604e-16
1.25318e-16
8.48983e-17
5.7398e-17
3.87264e-17
2.60755e-17
1.75215e-17
1.17497e-17
7.86322e-18
5.25158e-18
3.50024e-18
2.32823e-18
1.54552e-18
1.02386e-18
6.76912e-19
4.46627e-19
2.94091e-19
1.93261e-19
1.26745e-19
8.2955e-20
5.41854e-20
3.53224e-20
2.29799e-20
1.49202e-20
9.6679e-21
6.25204e-21
4.035e-21
2.59896e-21
1.67067e-21
1.0718e-21
6.86241e-22
4.38506e-22
2.79649e-22
1.77988e-22
1.13059e-22
7.16744e-23
4.53486e-23
2.86356e-23
1.80465e-23
1.13507e-23
7.12527e-24
4.46401e-24
2.79124e-24
1.74188e-24
1.08489e-24
6.74386e-25
4.1839e-25
2.59063e-25
1.60098e-25
9.87457e-26
6.07865e-26
3.73467e-26
2.2901e-26
1.40158e-26
8.56127e-27
5.21939e-27
3.17587e-27
1.92872e-27
1.16906e-27
7.07248e-28
4.27042e-28
2.57357e-28
1.548e-28
9.29335e-29
5.56857e-29
3.33032e-29
1.98792e-29
1.18437e-29
7.04282e-30
4.18005e-30
2.47623e-30
1.46413e-30
8.6406e-31
5.08965e-31
2.99234e-31
1.75596e-31
1.02849e-31
6.01272e-32
3.50852e-32
2.04344e-32
1.18791e-32
6.89281e-33
3.99204e-33
2.30772e-33
1.33156e-33
7.66885e-34
4.40851e-34
2.52957e-34
1.44876e-34
8.28209e-35
4.72586e-35
2.69165e-35
1.53022e-35
8.68342e-36
4.91844e-36
2.78077e-36
1.5693e-36
8.83997e-37
4.9705e-37
2.78968e-37
1.56285e-37
8.73949e-38
4.87826e-38
2.71802e-38
1.51165e-38
8.39198e-39
4.65038e-39
2.57234e-39
1.42031e-39
7.82802e-40
4.30665e-40
2.36508e-40
1.2965e-40
7.09443e-41
3.87512e-41
2.11288e-41
1.14998e-41
6.2478e-42
3.38837e-42
1.83435e-42
9.9129e-43
5.34747e-43
2.87956e-43
1.54787e-43
8.30569e-44
4.44887e-44
2.3788e-44
1.2697e-44
6.76519e-45
3.5983e-45
1.91052e-45
1.01262e-45
5.35774e-46
2.82982e-46
1.49203e-46
7.85309e-47
4.12618e-47
2.16422e-47
1.13319e-47
5.9231e-48
3.09062e-48
1.60988e-48
8.37125e-49
4.3455e-49
2.25187e-49
1.16493e-49
6.01605e-50
3.10156e-50
1.59627e-50
8.20142e-51
4.20661e-51
2.15395e-51
1.10103e-51
5.6186e-52
2.86232e-52
1.45571e-52
7.39087e-53
3.74613e-53
1.89556e-53
9.57552e-54
4.82899e-54
2.4312e-54
1.22196e-54
6.1315e-55
3.0715e-55
1.53606e-55
7.66906e-56
3.82255e-56
1.90214e-56
9.44954e-57
4.68661e-57
2.32054e-57
1.1471e-57
5.66102e-58
2.78916e-58
1.37195e-58
6.73733e-59
3.30313e-59
1.61678e-59
7.90073e-60
3.85454e-60
1.87746e-60
9.12976e-61
4.43243e-61
2.14842e-61
1.03966e-61
5.02298e-62
2.42286e-62
1.16679e-62
5.60994e-63
2.69292e-63
1.29059e-63
6.17531e-64
2.95007e-64
1.40705e-64
6.70027e-65
3.18553e-65
1.51209e-65
7.16612e-66
3.39078e-66
1.60186e-66
7.55549e-67
3.55805e-67
1.67292e-67
7.85333e-68
3.68085e-68
1.72249e-68
8.04796e-69
3.75432e-69
1.74863e-69
8.13175e-70
3.77565e-70
1.75034e-70
8.1017e-71
3.74416e-71
1.72766e-71
7.95955e-72
3.66139e-72
1.68164e-72
7.71166e-73
3.53097e-73
1.61425e-73
7.36853e-74
3.35833e-74
1.52827e-74
6.94405e-75
3.15037e-75
1.42708e-75
6.45462e-76
2.91497e-76
1.31443e-76
5.91808e-77
2.66052e-77
1.19425e-77
5.35265e-78
2.39545e-78
1.07041e-78
4.77596e-79
2.12774e-79
9.46512e-80
4.20419e-80
1.86462e-80
8.2575e-81
3.6514e-81
1.61222e-81
7.10793e-82
3.12909e-82
1.37546e-82
6.03721e-83
2.64595e-83
1.15794e-83
5.06002e-84
2.2079e-84
9.61982e-85
4.18522e-85
1.81816e-85
7.887e-86
3.41631e-86
1.47764e-86
6.38186e-87
2.7523e-87
1.18526e-87
5.09681e-88
2.18855e-88
9.38399e-89
4.01782e-89
1.71778e-89
7.33365e-90
3.12642e-90
1.33092e-90
5.65763e-91
2.40158e-91
1.01798e-91
4.30912e-92
1.82197e-92
7.70534e-93
3.28429e-93
1.47001e-93
8.27139e-94
)
;

boundaryField
{
    sides
    {
        type            zeroGradient;
    }
    empty
    {
        type            empty;
    }
}


// ************************************************************************* //
