/*--------------------------------*- C++ -*----------------------------------*\
| =========                 |                                                 |
| \\      /  F ield         | OpenFOAM: The Open Source CFD Toolbox           |
|  \\    /   O peration     | Version:  2312                                  |
|   \\  /    A nd           | Website:  www.openfoam.com                      |
|    \\/     M anipulation  |                                                 |
\*---------------------------------------------------------------------------*/
FoamFile
{
    version     2.0;
    format      ascii;
    arch        "LSB;label=32;scalar=64";
    class       volScalarField;
    location    "1.3";
    object      T;
}
// * * * * * * * * * * * * * * * * * * * * * * * * * * * * * * * * * * * * * //

dimensions      [0 0 0 1 0 0 0];

internalField   nonuniform List<scalar> 
1000
(
2.1594e-184
7.91283e-184
3.53037e-183
1.58991e-182
7.15301e-182
3.21326e-181
1.44122e-180
6.45416e-180
2.88585e-179
1.28834e-178
5.74257e-178
2.55565e-177
1.13557e-176
5.03779e-176
2.23142e-175
9.86809e-175
4.35708e-174
1.92073e-173
8.4536e-173
3.71469e-172
1.6297e-171
7.13824e-171
3.12158e-170
1.36287e-169
5.94062e-169
2.58525e-168
1.12322e-167
4.87209e-167
2.10986e-166
9.12179e-166
3.93723e-165
1.69661e-164
7.29887e-164
3.13478e-163
1.34411e-162
5.75358e-162
2.45875e-161
1.04896e-160
4.46762e-160
1.89959e-159
8.06319e-159
3.41679e-158
1.44541e-157
6.1041e-157
2.57341e-156
1.08306e-155
4.55041e-155
1.90853e-154
7.99089e-154
3.33994e-153
1.39357e-152
5.80444e-152
2.41342e-151
1.00172e-150
4.15044e-150
1.71663e-149
7.08751e-149
2.92106e-148
1.20175e-147
4.93534e-147
2.02322e-146
8.27923e-146
3.38187e-145
1.37893e-144
5.61233e-144
2.28012e-143
9.2466e-143
3.74297e-142
1.51237e-141
6.09962e-141
2.45556e-140
9.86732e-140
3.95772e-139
1.58448e-138
6.33172e-138
2.5255e-137
1.00545e-136
3.99543e-136
1.58471e-135
6.2736e-135
2.47893e-134
9.77661e-134
3.84847e-133
1.51203e-132
5.92927e-132
2.32066e-131
9.06539e-131
3.53447e-130
1.37538e-129
5.34171e-129
2.07059e-128
8.0105e-128
3.09298e-127
1.19191e-126
4.5841e-126
1.75958e-125
6.7407e-125
2.57715e-124
9.83353e-124
3.74467e-123
1.42314e-122
5.39773e-122
2.04315e-121
7.71813e-121
2.90968e-120
1.0947e-119
4.11019e-119
1.54007e-118
5.75877e-118
2.14895e-117
8.00255e-117
2.97394e-116
1.1029e-115
4.08165e-115
1.5074e-114
5.5554e-114
2.0431e-113
7.49807e-113
2.74595e-112
1.0035e-111
3.65947e-111
1.33166e-110
4.83551e-110
1.7521e-109
6.33496e-109
2.28555e-108
8.22809e-108
2.95573e-107
1.05946e-106
3.78929e-106
1.35232e-105
4.81557e-105
1.71103e-104
6.06611e-104
2.14585e-103
7.57394e-103
2.66732e-102
9.37257e-102
3.28599e-101
1.14947e-100
4.01186e-100
1.39705e-99
4.85389e-99
1.68259e-98
5.81934e-98
2.00804e-97
6.91308e-97
2.37448e-96
8.13692e-96
2.7819e-95
9.48882e-95
3.22899e-94
1.09623e-93
3.71294e-93
1.2546e-92
4.22929e-92
1.42232e-91
4.77189e-91
1.59715e-90
5.33287e-90
1.77636e-89
5.9027e-89
1.95668e-88
6.47044e-88
2.13447e-87
7.02397e-87
2.30574e-86
7.55039e-86
2.46636e-85
8.03648e-85
2.61214e-84
8.46925e-84
2.73909e-83
8.83645e-83
2.84351e-82
9.12716e-82
2.92223e-81
9.33232e-81
2.97273e-80
9.44518e-80
2.99329e-79
9.46169e-79
2.98308e-78
9.38069e-78
2.94221e-77
9.20403e-77
2.87174e-76
8.93653e-76
2.77362e-75
8.58572e-75
2.65065e-74
8.16149e-74
2.50626e-73
7.67569e-73
2.34444e-72
7.14147e-72
2.1695e-71
6.57278e-71
1.98588e-70
5.98369e-70
1.79801e-69
5.38785e-69
1.61005e-68
4.79795e-68
1.42581e-67
4.22529e-67
1.24862e-66
3.67946e-66
1.08121e-65
3.16814e-65
9.25687e-65
2.69702e-64
7.83539e-64
2.26981e-63
6.55639e-63
1.88835e-62
5.42302e-62
1.55286e-61
4.43358e-61
1.26212e-60
3.58237e-60
1.01381e-59
2.86056e-59
8.04739e-59
2.25716e-58
6.312e-58
1.75981e-57
4.89162e-57
1.35558e-56
3.74521e-56
1.03158e-55
2.83269e-55
7.75464e-55
2.11633e-54
5.75789e-54
1.56168e-53
4.2225e-53
1.13812e-52
3.05803e-52
8.19083e-52
2.18696e-51
5.8207e-51
1.54428e-50
4.08404e-50
1.07661e-49
2.82899e-49
7.4097e-49
1.93447e-48
5.03394e-48
1.30568e-47
3.37553e-47
8.69796e-47
2.23388e-46
5.71823e-46
1.45888e-45
3.70961e-45
9.40116e-45
2.37451e-44
5.97725e-44
1.49954e-43
3.74919e-43
9.34189e-43
2.31977e-42
5.74068e-42
1.41574e-41
3.47935e-41
8.52129e-41
2.07968e-40
5.05788e-40
1.22579e-39
2.96025e-39
7.12371e-39
1.70821e-38
4.08156e-38
9.71759e-38
2.30532e-37
5.44925e-37
1.28343e-36
3.01182e-36
7.04214e-36
1.64055e-35
3.80787e-35
8.80589e-35
2.02889e-34
4.65725e-34
1.06508e-33
2.42669e-33
5.50824e-33
1.24559e-32
2.80606e-32
6.29753e-32
1.40796e-31
3.13579e-31
6.95728e-31
1.53765e-30
3.38531e-30
7.42428e-30
1.62188e-29
3.52928e-29
7.6498e-29
1.6516e-28
3.55175e-28
7.60778e-28
1.6231e-27
3.44904e-27
7.29979e-27
1.53877e-26
3.23061e-26
6.75516e-26
1.40676e-25
2.91763e-25
6.02647e-25
1.23968e-24
2.53959e-24
5.18107e-24
1.05262e-23
2.12966e-23
4.29073e-23
8.60853e-23
1.71987e-22
3.42156e-22
6.77814e-22
1.33704e-21
2.62618e-21
5.13616e-21
1.00019e-20
1.93934e-20
3.74403e-20
7.19674e-20
1.37732e-19
2.62443e-19
4.97879e-19
9.40366e-19
1.76827e-18
3.31033e-18
6.16963e-18
1.14474e-17
2.11448e-17
3.88818e-17
7.11751e-17
1.29701e-16
2.35279e-16
4.24857e-16
7.63687e-16
1.36645e-15
2.43374e-15
4.31466e-15
7.61388e-15
1.33736e-14
2.3381e-14
4.06861e-14
7.04681e-14
1.21477e-13
2.08422e-13
3.55909e-13
6.0488e-13
1.02313e-12
1.72234e-12
2.88551e-12
4.81106e-12
7.98298e-12
1.31823e-11
2.16626e-11
3.54257e-11
5.76514e-11
9.33639e-11
1.50459e-10
2.41282e-10
3.85028e-10
6.11383e-10
9.66015e-10
1.51879e-09
2.37603e-09
3.6986e-09
5.72865e-09
8.82855e-09
1.35377e-08
2.06544e-08
3.13538e-08
4.73554e-08
7.1162e-08
1.06395e-07
1.58265e-07
2.34225e-07
3.44875e-07
5.05206e-07
7.36289e-07
1.06757e-06
1.53997e-06
2.20998e-06
3.15518e-06
4.48142e-06
6.33226e-06
8.90124e-06
1.24477e-05
1.7317e-05
2.3966e-05
3.29959e-05
4.51919e-05
6.15739e-05
8.34577e-05
0.00011253
0.000150939
0.000201403
0.000267338
0.000353007
0.000463699
0.000605924
0.000787644
0.00101853
0.00131023
0.00167671
0.00213452
0.00270323
0.00340569
0.00426846
0.00532211
0.00660157
0.00814642
0.0100011
0.012215
0.0148426
0.0179435
0.0215819
0.0258265
0.0307499
0.0364279
0.0429385
0.0503607
0.0587735
0.0682539
0.0788758
0.0907079
0.103812
0.11824
0.134034
0.151224
0.169824
0.189832
0.211231
0.233984
0.258035
0.283312
0.309721
0.337153
0.365482
0.394566
0.424251
0.454374
0.484762
0.515238
0.545626
0.575749
0.605434
0.634518
0.662847
0.690279
0.716688
0.741965
0.766016
0.788769
0.810168
0.830176
0.848776
0.865966
0.88176
0.896188
0.909292
0.921124
0.931746
0.941227
0.949639
0.957061
0.963572
0.96925
0.974174
0.978418
0.982057
0.985157
0.987785
0.989999
0.991853
0.993398
0.994678
0.995731
0.996594
0.997296
0.997864
0.998322
0.998688
0.998978
0.999208
0.999388
0.999527
0.999635
0.999715
0.999775
0.999816
0.999842
0.999855
0.999855
0.999842
0.999816
0.999775
0.999715
0.999635
0.999527
0.999388
0.999208
0.998978
0.998688
0.998322
0.997864
0.997296
0.996594
0.995731
0.994678
0.993398
0.991853
0.989999
0.987785
0.985157
0.982057
0.978418
0.974174
0.96925
0.963572
0.957061
0.949639
0.941227
0.931746
0.921124
0.909292
0.896188
0.88176
0.865966
0.848776
0.830176
0.810168
0.788769
0.766016
0.741965
0.716688
0.690279
0.662847
0.634518
0.605434
0.575749
0.545626
0.515238
0.484762
0.454374
0.424251
0.394566
0.365482
0.337153
0.309721
0.283312
0.258035
0.233984
0.211231
0.189832
0.169824
0.151224
0.134034
0.11824
0.103812
0.0907079
0.0788758
0.0682539
0.0587735
0.0503607
0.0429385
0.0364279
0.0307499
0.0258265
0.0215819
0.0179435
0.0148426
0.012215
0.0100011
0.00814642
0.00660157
0.00532211
0.00426846
0.00340569
0.00270323
0.00213452
0.00167671
0.00131023
0.00101853
0.000787644
0.000605924
0.000463699
0.000353007
0.000267338
0.000201403
0.000150939
0.00011253
8.34577e-05
6.15739e-05
4.51919e-05
3.29959e-05
2.3966e-05
1.7317e-05
1.24477e-05
8.90124e-06
6.33226e-06
4.48142e-06
3.15518e-06
2.20998e-06
1.53997e-06
1.06757e-06
7.36289e-07
5.05206e-07
3.44875e-07
2.34225e-07
1.58265e-07
1.06395e-07
7.1162e-08
4.73554e-08
3.13538e-08
2.06544e-08
1.35377e-08
8.82855e-09
5.72865e-09
3.6986e-09
2.37603e-09
1.51879e-09
9.66015e-10
6.11383e-10
3.85028e-10
2.41282e-10
1.50459e-10
9.33639e-11
5.76514e-11
3.54257e-11
2.16626e-11
1.31823e-11
7.98298e-12
4.81106e-12
2.88551e-12
1.72234e-12
1.02313e-12
6.0488e-13
3.55909e-13
2.08422e-13
1.21477e-13
7.04681e-14
4.06861e-14
2.3381e-14
1.33736e-14
7.61388e-15
4.31466e-15
2.43374e-15
1.36645e-15
7.63687e-16
4.24857e-16
2.35279e-16
1.29701e-16
7.11751e-17
3.88818e-17
2.11448e-17
1.14474e-17
6.16963e-18
3.31033e-18
1.76827e-18
9.40366e-19
4.97879e-19
2.62443e-19
1.37732e-19
7.19674e-20
3.74403e-20
1.93934e-20
1.00019e-20
5.13616e-21
2.62618e-21
1.33704e-21
6.77814e-22
3.42156e-22
1.71987e-22
8.60853e-23
4.29073e-23
2.12966e-23
1.05262e-23
5.18107e-24
2.53959e-24
1.23968e-24
6.02647e-25
2.91763e-25
1.40676e-25
6.75516e-26
3.23061e-26
1.53877e-26
7.29979e-27
3.44904e-27
1.6231e-27
7.60778e-28
3.55175e-28
1.6516e-28
7.6498e-29
3.52928e-29
1.62188e-29
7.42428e-30
3.38531e-30
1.53765e-30
6.95728e-31
3.13579e-31
1.40796e-31
6.29753e-32
2.80606e-32
1.24559e-32
5.50824e-33
2.42669e-33
1.06508e-33
4.65725e-34
2.02889e-34
8.80589e-35
3.80787e-35
1.64055e-35
7.04214e-36
3.01182e-36
1.28343e-36
5.44925e-37
2.30532e-37
9.71759e-38
4.08156e-38
1.70821e-38
7.12371e-39
2.96025e-39
1.22579e-39
5.05788e-40
2.07968e-40
8.52129e-41
3.47935e-41
1.41574e-41
5.74068e-42
2.31977e-42
9.34189e-43
3.74919e-43
1.49954e-43
5.97725e-44
2.37451e-44
9.40116e-45
3.70961e-45
1.45888e-45
5.71823e-46
2.23388e-46
8.69796e-47
3.37553e-47
1.30568e-47
5.03394e-48
1.93447e-48
7.4097e-49
2.82899e-49
1.07661e-49
4.08404e-50
1.54428e-50
5.8207e-51
2.18696e-51
8.19083e-52
3.05803e-52
1.13812e-52
4.2225e-53
1.56168e-53
5.75789e-54
2.11633e-54
7.75464e-55
2.83269e-55
1.03158e-55
3.74521e-56
1.35558e-56
4.89162e-57
1.75981e-57
6.312e-58
2.25716e-58
8.04739e-59
2.86056e-59
1.01381e-59
3.58237e-60
1.26212e-60
4.43358e-61
1.55286e-61
5.42302e-62
1.88835e-62
6.55639e-63
2.26981e-63
7.83539e-64
2.69702e-64
9.25687e-65
3.16814e-65
1.08121e-65
3.67946e-66
1.24862e-66
4.22529e-67
1.42581e-67
4.79795e-68
1.61005e-68
5.38785e-69
1.79801e-69
5.98369e-70
1.98588e-70
6.57278e-71
2.1695e-71
7.14147e-72
2.34444e-72
7.67569e-73
2.50626e-73
8.16149e-74
2.65065e-74
8.58572e-75
2.77362e-75
8.93653e-76
2.87174e-76
9.20403e-77
2.94221e-77
9.38069e-78
2.98308e-78
9.46169e-79
2.99329e-79
9.44518e-80
2.97273e-80
9.33232e-81
2.92223e-81
9.12716e-82
2.84351e-82
8.83645e-83
2.73909e-83
8.46925e-84
2.61214e-84
8.03648e-85
2.46636e-85
7.55039e-86
2.30574e-86
7.02397e-87
2.13447e-87
6.47044e-88
1.95668e-88
5.9027e-89
1.77636e-89
5.33287e-90
1.59715e-90
4.77189e-91
1.42232e-91
4.22929e-92
1.2546e-92
3.71294e-93
1.09623e-93
3.22899e-94
9.48882e-95
2.7819e-95
8.13692e-96
2.37448e-96
6.91308e-97
2.00804e-97
5.81934e-98
1.68259e-98
4.85389e-99
1.39705e-99
4.01186e-100
1.14947e-100
3.28599e-101
9.37257e-102
2.66732e-102
7.57394e-103
2.14585e-103
6.06611e-104
1.71103e-104
4.81557e-105
1.35232e-105
3.78929e-106
1.05946e-106
2.95573e-107
8.22809e-108
2.28555e-108
6.33496e-109
1.7521e-109
4.83551e-110
1.33166e-110
3.65947e-111
1.0035e-111
2.74595e-112
7.49807e-113
2.0431e-113
5.5554e-114
1.5074e-114
4.08165e-115
1.1029e-115
2.97394e-116
8.00255e-117
2.14895e-117
5.75877e-118
1.54007e-118
4.11019e-119
1.0947e-119
2.90968e-120
7.71813e-121
2.04315e-121
5.39773e-122
1.42314e-122
3.74467e-123
9.83353e-124
2.57715e-124
6.7407e-125
1.75958e-125
4.5841e-126
1.19191e-126
3.09298e-127
8.0105e-128
2.07059e-128
5.34171e-129
1.37538e-129
3.53447e-130
9.06539e-131
2.32066e-131
5.92927e-132
1.51203e-132
3.84847e-133
9.77661e-134
2.47893e-134
6.2736e-135
1.58471e-135
3.99543e-136
1.00545e-136
2.5255e-137
6.33172e-138
1.58448e-138
3.95772e-139
9.86732e-140
2.45556e-140
6.09962e-141
1.51237e-141
3.74297e-142
9.2466e-143
2.28012e-143
5.61233e-144
1.37893e-144
3.38187e-145
8.27923e-146
2.02322e-146
4.93534e-147
1.20175e-147
2.92106e-148
7.08751e-149
1.71663e-149
4.15044e-150
1.00172e-150
2.41342e-151
5.80444e-152
1.39357e-152
3.33994e-153
7.99089e-154
1.90853e-154
4.55041e-155
1.08306e-155
2.57341e-156
6.1041e-157
1.44541e-157
3.41679e-158
8.06319e-159
1.89959e-159
4.46762e-160
1.04896e-160
2.45875e-161
5.75358e-162
1.34411e-162
3.13478e-163
7.29887e-164
1.69661e-164
3.93723e-165
9.12179e-166
2.10986e-166
4.87209e-167
1.12322e-167
2.58525e-168
5.94062e-169
1.36287e-169
3.12158e-170
7.13824e-171
1.6297e-171
3.71469e-172
8.4536e-173
1.92073e-173
4.35708e-174
9.86809e-175
2.23142e-175
5.03779e-176
1.13557e-176
2.55565e-177
5.74257e-178
1.28834e-178
2.88585e-179
6.45416e-180
1.44122e-180
3.21326e-181
7.15301e-182
1.58991e-182
3.53037e-183
7.91283e-184
2.1594e-184
)
;

boundaryField
{
    sides
    {
        type            zeroGradient;
    }
    empty
    {
        type            empty;
    }
}


// ************************************************************************* //
