/*--------------------------------*- C++ -*----------------------------------*\
| =========                 |                                                 |
| \\      /  F ield         | OpenFOAM: The Open Source CFD Toolbox           |
|  \\    /   O peration     | Version:  2312                                  |
|   \\  /    A nd           | Website:  www.openfoam.com                      |
|    \\/     M anipulation  |                                                 |
\*---------------------------------------------------------------------------*/
FoamFile
{
    version     2.0;
    format      ascii;
    arch        "LSB;label=32;scalar=64";
    class       volScalarField;
    location    "2.4";
    object      T;
}
// * * * * * * * * * * * * * * * * * * * * * * * * * * * * * * * * * * * * * //

dimensions      [0 0 0 1 0 0 0];

internalField   nonuniform List<scalar> 
1000
(
6.53057e-121
1.46701e-120
4.15606e-120
1.21392e-119
3.55363e-119
1.03914e-118
3.03408e-118
8.84525e-118
2.57467e-117
7.48269e-117
2.17129e-116
6.29076e-116
1.81974e-115
5.25577e-115
1.51559e-114
4.36362e-114
1.25438e-113
3.60018e-113
1.03166e-112
2.95161e-112
8.43128e-112
2.40458e-111
6.84688e-111
1.9465e-110
5.52488e-110
1.56565e-109
4.42968e-109
1.25127e-108
3.52883e-108
9.93597e-108
2.79311e-107
7.83904e-107
2.19651e-106
6.14465e-106
1.71615e-105
4.78524e-105
1.33212e-104
3.70229e-104
1.02727e-103
2.84568e-103
7.86995e-103
2.17291e-102
5.98952e-102
1.64825e-101
4.52829e-101
1.242e-100
3.40084e-100
9.29664e-100
2.53711e-99
6.91232e-99
1.8801e-98
5.10511e-98
1.38388e-97
3.74504e-97
1.01177e-96
2.72878e-96
7.34715e-96
1.97483e-95
5.29907e-95
1.41947e-94
3.79587e-94
1.01333e-93
2.70049e-93
7.18433e-93
1.90801e-92
5.05854e-92
1.3388e-91
3.53715e-91
9.32901e-91
2.45618e-90
6.45547e-90
1.69369e-89
4.43589e-89
1.15975e-88
3.02679e-88
7.88559e-88
2.05078e-87
5.32397e-87
1.37969e-86
3.56908e-86
9.2163e-86
2.37565e-85
6.11268e-85
1.57001e-84
4.02527e-84
1.03016e-83
2.63168e-83
6.71084e-83
1.70818e-82
4.34015e-82
1.10075e-81
2.78662e-81
7.0417e-81
1.77616e-80
4.47192e-80
1.12385e-79
2.81918e-79
7.05892e-79
1.76422e-78
4.40112e-78
1.0959e-77
2.72376e-77
6.75712e-77
1.67319e-76
4.13538e-76
1.02017e-75
2.51199e-75
6.17371e-75
1.51446e-74
3.70808e-74
9.06189e-74
2.21038e-73
5.38134e-73
1.30764e-72
3.17146e-72
7.67715e-72
1.85486e-71
4.4729e-71
1.07655e-70
2.58607e-70
6.20028e-70
1.48369e-69
3.54351e-69
8.44659e-69
2.00949e-68
4.77137e-68
1.13072e-67
2.67433e-67
6.31284e-67
1.48725e-66
3.49692e-66
8.20602e-66
1.92186e-65
4.49211e-65
1.0479e-64
2.43963e-64
5.66845e-64
1.31443e-63
3.04189e-63
7.02554e-63
1.61936e-62
3.72506e-62
8.55163e-62
1.95924e-61
4.47968e-61
1.02218e-60
2.32767e-60
5.28974e-60
1.19967e-59
2.71519e-59
6.13268e-59
1.38232e-58
3.10938e-58
6.97983e-58
1.56358e-57
3.49539e-57
7.79778e-57
1.73598e-56
3.85669e-56
8.55025e-56
1.89163e-55
4.17622e-55
9.20069e-55
2.02276e-54
4.43765e-54
9.71507e-54
2.12236e-53
4.62673e-53
1.00648e-52
2.18481e-52
4.73256e-52
1.02294e-51
2.20636e-51
4.74865e-51
1.01984e-50
2.18553e-50
4.67353e-50
9.9723e-50
2.12327e-49
4.51099e-49
9.563e-49
2.02288e-48
4.26971e-48
8.99242e-48
1.88974e-47
3.96255e-47
8.29071e-47
1.73082e-46
3.60537e-46
7.49356e-46
1.55404e-45
3.21568e-45
6.63919e-45
1.36769e-44
2.81119e-44
5.76528e-44
1.17971e-43
2.40854e-43
4.90628e-43
9.97175e-43
2.02212e-42
4.09128e-42
8.25896e-42
1.66342e-41
3.34264e-41
6.70169e-41
1.34056e-40
2.67541e-40
5.32718e-40
1.05829e-39
2.09753e-39
4.14773e-39
8.18287e-39
1.61062e-38
3.1628e-38
6.19638e-38
1.21113e-37
2.36172e-37
4.5946e-37
8.91761e-37
1.72674e-36
3.33567e-36
6.42855e-36
1.23599e-35
2.37077e-35
4.53662e-35
8.66047e-35
1.64936e-34
3.13366e-34
5.9395e-34
1.12307e-33
2.11846e-33
3.98648e-33
7.48361e-33
1.40147e-32
2.61822e-32
4.87949e-32
9.0717e-32
1.68246e-31
3.11275e-31
5.74489e-31
1.05769e-30
1.94253e-30
3.55886e-30
6.50408e-30
1.18574e-29
2.15636e-29
3.91182e-29
7.0788e-29
1.2778e-28
2.30082e-28
4.13259e-28
7.40419e-28
1.32326e-27
2.35899e-27
4.19485e-27
7.44072e-27
1.31649e-26
2.32341e-26
4.09012e-26
7.182e-26
1.25792e-25
2.19764e-25
3.82961e-25
6.65649e-25
1.15405e-24
1.9957e-24
3.44231e-24
5.92229e-24
1.01628e-23
1.73946e-23
2.9696e-23
5.05657e-23
8.58796e-23
1.45478e-22
2.45796e-22
4.14211e-22
6.96203e-22
1.16712e-21
1.95146e-21
3.25435e-21
5.41289e-21
8.9795e-21
1.4857e-20
2.45168e-20
4.03505e-20
6.62347e-20
1.08435e-19
1.77052e-19
2.88322e-19
4.68271e-19
7.58505e-19
1.22535e-18
1.97423e-18
3.17228e-18
5.08369e-18
8.12493e-18
1.29506e-17
2.05869e-17
3.26375e-17
5.16024e-17
8.13665e-17
1.27951e-16
2.0066e-16
3.13831e-16
4.89496e-16
7.61406e-16
1.18113e-15
1.82721e-15
2.81898e-15
4.33712e-15
6.65455e-15
1.01822e-14
1.55369e-14
2.36424e-14
3.58772e-14
5.4293e-14
8.19344e-14
1.23306e-13
1.85052e-13
2.76948e-13
4.13326e-13
6.15142e-13
9.12948e-13
1.35115e-12
1.99409e-12
2.93474e-12
4.30701e-12
6.30322e-12
9.19874e-12
1.33866e-11
1.94263e-11
2.81116e-11
4.05651e-11
5.83703e-11
8.37533e-11
1.19834e-10
1.70974e-10
2.43245e-10
3.45083e-10
4.88167e-10
6.88615e-10
9.68605e-10
1.35856e-09
1.90006e-09
2.64982e-09
3.68488e-09
5.1096e-09
7.06489e-09
9.74044e-09
1.33907e-08
1.83562e-08
2.50908e-08
3.41975e-08
4.64756e-08
6.29803e-08
8.51005e-08
1.14659e-07
1.54038e-07
2.06345e-07
2.75617e-07
3.67081e-07
4.87485e-07
6.45512e-07
8.52293e-07
1.12206e-06
1.47294e-06
1.92794e-06
2.51619e-06
3.27442e-06
4.24878e-06
5.49711e-06
7.09158e-06
9.12202e-06
1.16998e-05
1.49625e-05
1.90795e-05
2.42589e-05
3.07548e-05
3.88771e-05
4.9002e-05
6.15847e-05
7.7174e-05
9.64294e-05
0.00012014
0.000149247
0.00018487
0.000228333
0.000281199
0.000345303
0.000422797
0.000516188
0.00062839
0.000762778
0.000923239
0.00111424
0.0013409
0.00160903
0.00192524
0.00229699
0.0027327
0.00324177
0.00383472
0.00452321
0.00532016
0.00623978
0.00729765
0.00851077
0.00989758
0.011478
0.0132735
0.0153068
0.0176025
0.0201861
0.0230847
0.0263265
0.0299409
0.033958
0.0384087
0.0433244
0.0487366
0.0546768
0.061176
0.0682645
0.0759715
0.0843245
0.0933493
0.103069
0.113505
0.124674
0.13659
0.149263
0.162699
0.176899
0.191859
0.20757
0.224017
0.241182
0.259038
0.277555
0.296696
0.316422
0.336685
0.357433
0.378613
0.400164
0.422024
0.444127
0.466406
0.48879
0.51121
0.533594
0.555873
0.577976
0.599836
0.621387
0.642567
0.663315
0.683578
0.703303
0.722445
0.740962
0.758818
0.775982
0.792429
0.80814
0.823099
0.837299
0.850734
0.863407
0.875322
0.886489
0.896924
0.906642
0.915664
0.924014
0.931716
0.9388
0.945292
0.951224
0.956627
0.96153
0.965965
0.969963
0.973553
0.976766
0.979629
0.982169
0.984412
0.986381
0.988099
0.989586
0.990861
0.99194
0.992837
0.993566
0.994136
0.994556
0.994833
0.99497
0.99497
0.994833
0.994556
0.994136
0.993566
0.992837
0.99194
0.990861
0.989586
0.988099
0.986381
0.984412
0.982169
0.979629
0.976766
0.973553
0.969963
0.965965
0.96153
0.956627
0.951224
0.945292
0.9388
0.931716
0.924014
0.915664
0.906642
0.896924
0.886489
0.875322
0.863407
0.850734
0.837299
0.823099
0.80814
0.792429
0.775982
0.758818
0.740962
0.722445
0.703303
0.683578
0.663315
0.642567
0.621387
0.599836
0.577976
0.555873
0.533594
0.51121
0.48879
0.466406
0.444127
0.422024
0.400164
0.378613
0.357433
0.336685
0.316422
0.296696
0.277555
0.259038
0.241182
0.224017
0.20757
0.191859
0.176899
0.162699
0.149263
0.13659
0.124674
0.113505
0.103069
0.0933493
0.0843245
0.0759715
0.0682645
0.061176
0.0546768
0.0487366
0.0433244
0.0384087
0.033958
0.0299409
0.0263265
0.0230847
0.0201861
0.0176025
0.0153068
0.0132735
0.011478
0.00989758
0.00851077
0.00729765
0.00623978
0.00532016
0.00452321
0.00383472
0.00324177
0.0027327
0.00229699
0.00192524
0.00160903
0.0013409
0.00111424
0.000923239
0.000762778
0.00062839
0.000516188
0.000422797
0.000345303
0.000281199
0.000228333
0.00018487
0.000149247
0.00012014
9.64294e-05
7.7174e-05
6.15847e-05
4.9002e-05
3.88771e-05
3.07548e-05
2.42589e-05
1.90795e-05
1.49625e-05
1.16998e-05
9.12202e-06
7.09158e-06
5.49711e-06
4.24878e-06
3.27442e-06
2.51619e-06
1.92794e-06
1.47294e-06
1.12206e-06
8.52293e-07
6.45512e-07
4.87485e-07
3.67081e-07
2.75617e-07
2.06345e-07
1.54038e-07
1.14659e-07
8.51005e-08
6.29803e-08
4.64756e-08
3.41975e-08
2.50908e-08
1.83562e-08
1.33907e-08
9.74044e-09
7.06489e-09
5.1096e-09
3.68488e-09
2.64982e-09
1.90006e-09
1.35856e-09
9.68605e-10
6.88615e-10
4.88167e-10
3.45083e-10
2.43245e-10
1.70974e-10
1.19834e-10
8.37533e-11
5.83703e-11
4.05651e-11
2.81116e-11
1.94263e-11
1.33866e-11
9.19874e-12
6.30322e-12
4.30701e-12
2.93474e-12
1.99409e-12
1.35115e-12
9.12948e-13
6.15142e-13
4.13326e-13
2.76948e-13
1.85052e-13
1.23306e-13
8.19344e-14
5.4293e-14
3.58772e-14
2.36424e-14
1.55369e-14
1.01822e-14
6.65455e-15
4.33712e-15
2.81898e-15
1.82721e-15
1.18113e-15
7.61406e-16
4.89496e-16
3.13831e-16
2.0066e-16
1.27951e-16
8.13665e-17
5.16024e-17
3.26375e-17
2.05869e-17
1.29506e-17
8.12493e-18
5.08369e-18
3.17228e-18
1.97423e-18
1.22535e-18
7.58505e-19
4.68271e-19
2.88322e-19
1.77052e-19
1.08435e-19
6.62347e-20
4.03505e-20
2.45168e-20
1.4857e-20
8.9795e-21
5.41289e-21
3.25435e-21
1.95146e-21
1.16712e-21
6.96203e-22
4.14211e-22
2.45796e-22
1.45478e-22
8.58796e-23
5.05657e-23
2.9696e-23
1.73946e-23
1.01628e-23
5.92229e-24
3.44231e-24
1.9957e-24
1.15405e-24
6.65649e-25
3.82961e-25
2.19764e-25
1.25792e-25
7.182e-26
4.09012e-26
2.32341e-26
1.31649e-26
7.44072e-27
4.19485e-27
2.35899e-27
1.32326e-27
7.40419e-28
4.13259e-28
2.30082e-28
1.2778e-28
7.0788e-29
3.91182e-29
2.15636e-29
1.18574e-29
6.50408e-30
3.55886e-30
1.94253e-30
1.05769e-30
5.74489e-31
3.11275e-31
1.68246e-31
9.0717e-32
4.87949e-32
2.61822e-32
1.40147e-32
7.48361e-33
3.98648e-33
2.11846e-33
1.12307e-33
5.9395e-34
3.13366e-34
1.64936e-34
8.66047e-35
4.53662e-35
2.37077e-35
1.23599e-35
6.42855e-36
3.33567e-36
1.72674e-36
8.91761e-37
4.5946e-37
2.36172e-37
1.21113e-37
6.19638e-38
3.1628e-38
1.61062e-38
8.18287e-39
4.14773e-39
2.09753e-39
1.05829e-39
5.32718e-40
2.67541e-40
1.34056e-40
6.70169e-41
3.34264e-41
1.66342e-41
8.25896e-42
4.09128e-42
2.02212e-42
9.97175e-43
4.90628e-43
2.40854e-43
1.17971e-43
5.76528e-44
2.81119e-44
1.36769e-44
6.63919e-45
3.21568e-45
1.55404e-45
7.49356e-46
3.60537e-46
1.73082e-46
8.29071e-47
3.96255e-47
1.88974e-47
8.99242e-48
4.26971e-48
2.02288e-48
9.563e-49
4.51099e-49
2.12327e-49
9.9723e-50
4.67353e-50
2.18553e-50
1.01984e-50
4.74865e-51
2.20636e-51
1.02294e-51
4.73256e-52
2.18481e-52
1.00648e-52
4.62673e-53
2.12236e-53
9.71507e-54
4.43765e-54
2.02276e-54
9.20069e-55
4.17622e-55
1.89163e-55
8.55025e-56
3.85669e-56
1.73598e-56
7.79778e-57
3.49539e-57
1.56358e-57
6.97983e-58
3.10938e-58
1.38232e-58
6.13268e-59
2.71519e-59
1.19967e-59
5.28974e-60
2.32767e-60
1.02218e-60
4.47968e-61
1.95924e-61
8.55163e-62
3.72506e-62
1.61936e-62
7.02554e-63
3.04189e-63
1.31443e-63
5.66845e-64
2.43963e-64
1.0479e-64
4.49211e-65
1.92186e-65
8.20602e-66
3.49692e-66
1.48725e-66
6.31284e-67
2.67433e-67
1.13072e-67
4.77137e-68
2.00949e-68
8.44659e-69
3.54351e-69
1.48369e-69
6.20028e-70
2.58607e-70
1.07655e-70
4.4729e-71
1.85486e-71
7.67715e-72
3.17146e-72
1.30764e-72
5.38134e-73
2.21038e-73
9.06189e-74
3.70808e-74
1.51446e-74
6.17371e-75
2.51199e-75
1.02017e-75
4.13538e-76
1.67319e-76
6.75712e-77
2.72376e-77
1.0959e-77
4.40112e-78
1.76422e-78
7.05892e-79
2.81918e-79
1.12385e-79
4.47192e-80
1.77616e-80
7.0417e-81
2.78662e-81
1.10075e-81
4.34015e-82
1.70818e-82
6.71084e-83
2.63168e-83
1.03016e-83
4.02527e-84
1.57001e-84
6.11268e-85
2.37565e-85
9.2163e-86
3.56908e-86
1.37969e-86
5.32397e-87
2.05078e-87
7.88559e-88
3.02679e-88
1.15975e-88
4.43589e-89
1.69369e-89
6.45547e-90
2.45618e-90
9.32901e-91
3.53715e-91
1.3388e-91
5.05854e-92
1.90801e-92
7.18433e-93
2.70049e-93
1.01333e-93
3.79587e-94
1.41947e-94
5.29907e-95
1.97483e-95
7.34715e-96
2.72878e-96
1.01177e-96
3.74504e-97
1.38388e-97
5.10511e-98
1.8801e-98
6.91232e-99
2.53711e-99
9.29664e-100
3.40084e-100
1.242e-100
4.52829e-101
1.64825e-101
5.98952e-102
2.17291e-102
7.86995e-103
2.84568e-103
1.02727e-103
3.70229e-104
1.33212e-104
4.78524e-105
1.71615e-105
6.14465e-106
2.19651e-106
7.83904e-107
2.79311e-107
9.93597e-108
3.52883e-108
1.25127e-108
4.42968e-109
1.56565e-109
5.52488e-110
1.9465e-110
6.84688e-111
2.40458e-111
8.43128e-112
2.95161e-112
1.03166e-112
3.60018e-113
1.25438e-113
4.36362e-114
1.51559e-114
5.25577e-115
1.81974e-115
6.29076e-116
2.17129e-116
7.48269e-117
2.57467e-117
8.84525e-118
3.03408e-118
1.03914e-118
3.55363e-119
1.21392e-119
4.15606e-120
1.46701e-120
6.53057e-121
)
;

boundaryField
{
    sides
    {
        type            zeroGradient;
    }
    empty
    {
        type            empty;
    }
}


// ************************************************************************* //
