/*--------------------------------*- C++ -*----------------------------------*\
| =========                 |                                                 |
| \\      /  F ield         | OpenFOAM: The Open Source CFD Toolbox           |
|  \\    /   O peration     | Version:  2312                                  |
|   \\  /    A nd           | Website:  www.openfoam.com                      |
|    \\/     M anipulation  |                                                 |
\*---------------------------------------------------------------------------*/
FoamFile
{
    version     2.0;
    format      ascii;
    arch        "LSB;label=32;scalar=64";
    class       volScalarField;
    location    "3.1";
    object      T;
}
// * * * * * * * * * * * * * * * * * * * * * * * * * * * * * * * * * * * * * //

dimensions      [0 0 0 1 0 0 0];

internalField   nonuniform List<scalar> 
1000
(
9.21223e-99
1.70999e-98
3.99995e-98
9.78786e-98
2.41047e-97
5.93531e-97
1.45964e-96
3.58449e-96
8.7898e-96
2.15227e-95
5.26233e-95
1.28477e-94
3.13207e-94
7.62433e-94
1.85324e-93
4.49802e-93
1.09011e-92
2.638e-92
6.37436e-92
1.53799e-91
3.70533e-91
8.91359e-91
2.14107e-90
5.13524e-90
1.22982e-89
2.94084e-89
7.02181e-89
1.67408e-88
3.98518e-88
9.47251e-88
2.24816e-87
5.32762e-87
1.26061e-86
2.97831e-86
7.02587e-86
1.65489e-85
3.89203e-85
9.13948e-85
2.1429e-84
5.0167e-84
1.17265e-83
2.73686e-83
6.37775e-83
1.48393e-82
3.44739e-82
7.99643e-82
1.85195e-81
4.28242e-81
9.88726e-81
2.27922e-80
5.24592e-80
1.20553e-79
2.76603e-79
6.33661e-79
1.44936e-78
3.30989e-78
7.54689e-78
1.71806e-77
3.90504e-77
8.86188e-77
2.00789e-76
4.54219e-76
1.02589e-75
2.31339e-75
5.20839e-75
1.17076e-74
2.62746e-74
5.88724e-74
1.31702e-73
2.94154e-73
6.55935e-73
1.46032e-72
3.24589e-72
7.20312e-72
1.5959e-71
3.53009e-71
7.79583e-71
1.71883e-70
3.78354e-70
8.31489e-70
1.82434e-69
3.99618e-69
8.73923e-69
1.90805e-68
4.15904e-68
9.05071e-68
1.96633e-67
4.26496e-67
9.23539e-67
1.99653e-66
4.30903e-66
9.28454e-66
1.99719e-65
4.289e-65
9.19536e-65
1.96814e-64
4.20549e-64
8.97117e-64
1.91053e-63
4.06189e-63
8.62128e-63
1.82677e-62
3.86422e-62
8.1603e-62
1.72034e-61
3.62066e-61
7.60715e-61
1.59558e-60
3.34097e-60
6.98373e-60
1.45734e-59
3.03591e-59
6.31354e-59
1.31072e-58
2.71646e-58
5.62013e-58
1.16076e-57
2.39324e-57
4.92582e-57
1.01209e-56
2.07589e-56
4.25046e-56
8.68784e-56
1.77268e-55
3.61068e-55
7.34158e-55
1.49015e-54
3.0193e-54
6.10691e-54
1.23303e-53
2.48518e-53
5.00006e-53
1.00421e-52
2.0133e-52
4.02921e-52
8.04935e-52
1.6052e-51
3.19539e-51
6.34957e-51
1.25947e-50
2.49377e-50
4.92884e-50
9.7242e-50
1.91506e-49
3.7647e-49
7.38745e-49
1.44702e-48
2.82924e-48
5.52176e-48
1.07572e-47
2.09185e-47
4.06043e-47
7.86724e-47
1.52153e-46
2.93728e-46
5.65998e-46
1.08865e-45
2.09009e-45
4.00538e-45
7.66165e-45
1.46285e-44
2.7879e-44
5.30335e-44
1.00698e-43
1.90846e-43
3.61027e-43
6.81693e-43
1.28478e-42
2.4169e-42
4.53814e-42
8.50518e-42
1.59102e-41
2.97066e-41
5.53623e-41
1.02981e-40
1.91198e-40
3.54314e-40
6.5535e-40
1.20986e-39
2.22933e-39
4.10005e-39
7.52624e-39
1.37892e-38
2.52159e-38
4.60235e-38
8.38405e-38
1.52439e-37
2.76635e-37
5.01051e-37
9.05781e-37
1.63428e-36
2.94303e-36
5.28959e-36
9.48878e-36
1.69886e-35
3.03572e-35
5.41406e-35
9.63694e-35
1.71202e-34
3.03552e-34
5.37166e-34
9.48711e-34
1.67228e-33
2.94193e-33
5.16539e-33
9.05147e-33
1.583e-32
2.76302e-32
4.81316e-32
8.36794e-32
1.45193e-31
2.51428e-31
4.34527e-31
7.49476e-31
1.29013e-30
2.21638e-30
3.80002e-30
6.50221e-30
1.11037e-29
1.89235e-29
3.21857e-29
5.46328e-29
9.25486e-29
1.56463e-28
2.63982e-28
4.4449e-28
7.46913e-28
1.25256e-27
2.09626e-27
3.50115e-27
5.83571e-27
9.70713e-27
1.6114e-26
2.66949e-26
4.41333e-26
7.2814e-26
1.19887e-25
1.96988e-25
3.2301e-25
5.28564e-25
8.63146e-25
1.40662e-24
2.28755e-24
3.7125e-24
6.01262e-24
9.71764e-24
1.56732e-23
2.52261e-23
4.05173e-23
6.4942e-23
1.03874e-22
1.65797e-22
2.64085e-22
4.19758e-22
6.65802e-22
1.05385e-21
1.66457e-21
2.62369e-21
4.12674e-21
6.4772e-21
1.0145e-20
1.58561e-20
2.47299e-20
3.84885e-20
5.97747e-20
9.26366e-20
1.4326e-19
2.21077e-19
3.40437e-19
5.23124e-19
8.02132e-19
1.22732e-18
1.87389e-18
2.85494e-18
4.34031e-18
6.58434e-18
9.96714e-18
1.50555e-17
2.26926e-17
3.41302e-17
5.12219e-17
7.6707e-17
1.14624e-16
1.70913e-16
2.54294e-16
3.77533e-16
5.59282e-16
8.26729e-16
1.21941e-15
1.79471e-15
2.63567e-15
3.86224e-15
5.6473e-15
8.23935e-15
1.19949e-14
1.7424e-14
2.5255e-14
3.65254e-14
5.27095e-14
7.58978e-14
1.09047e-13
1.5633e-13
2.23623e-13
3.19177e-13
4.54557e-13
6.4593e-13
9.15847e-13
1.29569e-12
1.82901e-12
2.57613e-12
3.62042e-12
5.07674e-12
7.10308e-12
9.91614e-12
1.38125e-11
1.91972e-11
2.66215e-11
3.68351e-11
5.08535e-11
7.00504e-11
9.62787e-11
1.32032e-10
1.80658e-10
2.46639e-10
3.35965e-10
4.56618e-10
6.19211e-10
8.37818e-10
1.13106e-09
1.52351e-09
2.04753e-09
2.7456e-09
3.67338e-09
4.90364e-09
6.53119e-09
8.67936e-09
1.15081e-08
1.52244e-08
2.00954e-08
2.6465e-08
3.4775e-08
4.55911e-08
5.96365e-08
7.78327e-08
1.01351e-07
1.31678e-07
1.70693e-07
2.20767e-07
2.84885e-07
3.66792e-07
4.7118e-07
6.03906e-07
7.72268e-07
9.85329e-07
1.25433e-06
1.59314e-06
2.01889e-06
2.55262e-06
3.22015e-06
4.05302e-06
5.08976e-06
6.37721e-06
7.97221e-06
9.94355e-06
1.23743e-05
1.53643e-05
1.90336e-05
2.35258e-05
2.90124e-05
3.56976e-05
4.38239e-05
5.36783e-05
6.55999e-05
7.99881e-05
9.73116e-05
0.00011812
0.000143053
0.000172859
0.000208405
0.000250693
0.000300882
0.000360308
0.000430499
0.000513209
0.000610435
0.000724451
0.000857837
0.00101351
0.00119475
0.00140525
0.00164915
0.00193108
0.00225616
0.0026301
0.00305922
0.00355047
0.00411147
0.0047506
0.00547697
0.00630049
0.00723191
0.00828281
0.00946565
0.0107938
0.0122814
0.0139437
0.0157966
0.017857
0.0201426
0.0226719
0.0254639
0.0285386
0.0319164
0.035618
0.0396647
0.044078
0.0488792
0.0540899
0.0597311
0.0658237
0.0723876
0.0794422
0.0870056
0.0950948
0.103725
0.112911
0.122663
0.132993
0.143906
0.155408
0.167502
0.180186
0.193457
0.207309
0.221731
0.23671
0.25223
0.268271
0.28481
0.301821
0.319274
0.337138
0.355377
0.373954
0.392829
0.411959
0.431301
0.450809
0.470437
0.490137
0.509862
0.529562
0.54919
0.568698
0.58804
0.60717
0.626044
0.64462
0.662859
0.680722
0.698174
0.715184
0.731721
0.74776
0.763278
0.778254
0.792672
0.806519
0.819785
0.832462
0.844548
0.85604
0.866942
0.877257
0.886992
0.896157
0.904762
0.912822
0.920349
0.927362
0.933875
0.939909
0.94548
0.950608
0.955312
0.959611
0.963524
0.96707
0.970267
0.973131
0.975679
0.977926
0.979887
0.981573
0.982997
0.984168
0.985095
0.985784
0.98624
0.986468
0.986468
0.98624
0.985784
0.985095
0.984168
0.982997
0.981573
0.979887
0.977926
0.975679
0.973131
0.970267
0.96707
0.963524
0.959611
0.955312
0.950608
0.94548
0.939909
0.933875
0.927362
0.920349
0.912822
0.904762
0.896157
0.886992
0.877257
0.866942
0.85604
0.844548
0.832462
0.819785
0.806519
0.792672
0.778254
0.763278
0.74776
0.731721
0.715184
0.698174
0.680722
0.662859
0.64462
0.626044
0.60717
0.58804
0.568698
0.54919
0.529562
0.509862
0.490137
0.470437
0.450809
0.431301
0.411959
0.392829
0.373954
0.355377
0.337138
0.319274
0.301821
0.28481
0.268271
0.25223
0.23671
0.221731
0.207309
0.193457
0.180186
0.167502
0.155408
0.143906
0.132993
0.122663
0.112911
0.103725
0.0950948
0.0870056
0.0794422
0.0723876
0.0658237
0.0597311
0.0540899
0.0488792
0.044078
0.0396647
0.035618
0.0319164
0.0285386
0.0254639
0.0226719
0.0201426
0.017857
0.0157966
0.0139437
0.0122814
0.0107938
0.00946565
0.00828281
0.00723191
0.00630049
0.00547697
0.0047506
0.00411147
0.00355047
0.00305922
0.0026301
0.00225616
0.00193108
0.00164915
0.00140525
0.00119475
0.00101351
0.000857837
0.000724451
0.000610435
0.000513209
0.000430499
0.000360308
0.000300882
0.000250693
0.000208405
0.000172859
0.000143053
0.00011812
9.73116e-05
7.99881e-05
6.55999e-05
5.36783e-05
4.38239e-05
3.56976e-05
2.90124e-05
2.35258e-05
1.90336e-05
1.53643e-05
1.23743e-05
9.94355e-06
7.97221e-06
6.37721e-06
5.08976e-06
4.05302e-06
3.22015e-06
2.55262e-06
2.01889e-06
1.59314e-06
1.25433e-06
9.85329e-07
7.72268e-07
6.03906e-07
4.7118e-07
3.66792e-07
2.84885e-07
2.20767e-07
1.70693e-07
1.31678e-07
1.01351e-07
7.78327e-08
5.96365e-08
4.55911e-08
3.4775e-08
2.6465e-08
2.00954e-08
1.52244e-08
1.15081e-08
8.67936e-09
6.53119e-09
4.90364e-09
3.67338e-09
2.7456e-09
2.04753e-09
1.52351e-09
1.13106e-09
8.37818e-10
6.19211e-10
4.56618e-10
3.35965e-10
2.46639e-10
1.80658e-10
1.32032e-10
9.62787e-11
7.00504e-11
5.08535e-11
3.68351e-11
2.66215e-11
1.91972e-11
1.38125e-11
9.91614e-12
7.10308e-12
5.07674e-12
3.62042e-12
2.57613e-12
1.82901e-12
1.29569e-12
9.15847e-13
6.4593e-13
4.54557e-13
3.19177e-13
2.23623e-13
1.5633e-13
1.09047e-13
7.58978e-14
5.27095e-14
3.65254e-14
2.5255e-14
1.7424e-14
1.19949e-14
8.23935e-15
5.6473e-15
3.86224e-15
2.63567e-15
1.79471e-15
1.21941e-15
8.26729e-16
5.59282e-16
3.77533e-16
2.54294e-16
1.70913e-16
1.14624e-16
7.6707e-17
5.12219e-17
3.41302e-17
2.26926e-17
1.50555e-17
9.96714e-18
6.58434e-18
4.34031e-18
2.85494e-18
1.87389e-18
1.22732e-18
8.02132e-19
5.23124e-19
3.40437e-19
2.21077e-19
1.4326e-19
9.26366e-20
5.97747e-20
3.84885e-20
2.47299e-20
1.58561e-20
1.0145e-20
6.4772e-21
4.12674e-21
2.62369e-21
1.66457e-21
1.05385e-21
6.65802e-22
4.19758e-22
2.64085e-22
1.65797e-22
1.03874e-22
6.4942e-23
4.05173e-23
2.52261e-23
1.56732e-23
9.71764e-24
6.01262e-24
3.7125e-24
2.28755e-24
1.40662e-24
8.63146e-25
5.28564e-25
3.2301e-25
1.96988e-25
1.19887e-25
7.2814e-26
4.41333e-26
2.66949e-26
1.6114e-26
9.70713e-27
5.83571e-27
3.50115e-27
2.09626e-27
1.25256e-27
7.46913e-28
4.4449e-28
2.63982e-28
1.56463e-28
9.25486e-29
5.46328e-29
3.21857e-29
1.89235e-29
1.11037e-29
6.50221e-30
3.80002e-30
2.21638e-30
1.29013e-30
7.49476e-31
4.34527e-31
2.51428e-31
1.45193e-31
8.36794e-32
4.81316e-32
2.76302e-32
1.583e-32
9.05147e-33
5.16539e-33
2.94193e-33
1.67228e-33
9.48711e-34
5.37166e-34
3.03552e-34
1.71202e-34
9.63694e-35
5.41406e-35
3.03572e-35
1.69886e-35
9.48878e-36
5.28959e-36
2.94303e-36
1.63428e-36
9.05781e-37
5.01051e-37
2.76635e-37
1.52439e-37
8.38405e-38
4.60235e-38
2.52159e-38
1.37892e-38
7.52624e-39
4.10005e-39
2.22933e-39
1.20986e-39
6.5535e-40
3.54314e-40
1.91198e-40
1.02981e-40
5.53623e-41
2.97066e-41
1.59102e-41
8.50518e-42
4.53814e-42
2.4169e-42
1.28478e-42
6.81693e-43
3.61027e-43
1.90846e-43
1.00698e-43
5.30335e-44
2.7879e-44
1.46285e-44
7.66165e-45
4.00538e-45
2.09009e-45
1.08865e-45
5.65998e-46
2.93728e-46
1.52153e-46
7.86724e-47
4.06043e-47
2.09185e-47
1.07572e-47
5.52176e-48
2.82924e-48
1.44702e-48
7.38745e-49
3.7647e-49
1.91506e-49
9.7242e-50
4.92884e-50
2.49377e-50
1.25947e-50
6.34957e-51
3.19539e-51
1.6052e-51
8.04935e-52
4.02921e-52
2.0133e-52
1.00421e-52
5.00006e-53
2.48518e-53
1.23303e-53
6.10691e-54
3.0193e-54
1.49015e-54
7.34158e-55
3.61068e-55
1.77268e-55
8.68784e-56
4.25046e-56
2.07589e-56
1.01209e-56
4.92582e-57
2.39324e-57
1.16076e-57
5.62013e-58
2.71646e-58
1.31072e-58
6.31354e-59
3.03591e-59
1.45734e-59
6.98373e-60
3.34097e-60
1.59558e-60
7.60715e-61
3.62066e-61
1.72034e-61
8.1603e-62
3.86422e-62
1.82677e-62
8.62128e-63
4.06189e-63
1.91053e-63
8.97117e-64
4.20549e-64
1.96814e-64
9.19536e-65
4.289e-65
1.99719e-65
9.28454e-66
4.30903e-66
1.99653e-66
9.23539e-67
4.26496e-67
1.96633e-67
9.05071e-68
4.15904e-68
1.90805e-68
8.73923e-69
3.99618e-69
1.82434e-69
8.31489e-70
3.78354e-70
1.71883e-70
7.79583e-71
3.53009e-71
1.5959e-71
7.20312e-72
3.24589e-72
1.46032e-72
6.55935e-73
2.94154e-73
1.31702e-73
5.88724e-74
2.62746e-74
1.17076e-74
5.20839e-75
2.31339e-75
1.02589e-75
4.54219e-76
2.00789e-76
8.86188e-77
3.90504e-77
1.71806e-77
7.54689e-78
3.30989e-78
1.44936e-78
6.33661e-79
2.76603e-79
1.20553e-79
5.24592e-80
2.27922e-80
9.88726e-81
4.28242e-81
1.85195e-81
7.99643e-82
3.44739e-82
1.48393e-82
6.37775e-83
2.73686e-83
1.17265e-83
5.0167e-84
2.1429e-84
9.13948e-85
3.89203e-85
1.65489e-85
7.02587e-86
2.97831e-86
1.26061e-86
5.32762e-87
2.24816e-87
9.47251e-88
3.98518e-88
1.67408e-88
7.02181e-89
2.94084e-89
1.22982e-89
5.13524e-90
2.14107e-90
8.91359e-91
3.70533e-91
1.53799e-91
6.37436e-92
2.638e-92
1.09011e-92
4.49802e-93
1.85324e-93
7.62433e-94
3.13207e-94
1.28477e-94
5.26233e-95
2.15227e-95
8.7898e-96
3.58449e-96
1.45964e-96
5.93531e-97
2.41047e-97
9.78786e-98
3.99995e-98
1.70999e-98
9.21223e-99
)
;

boundaryField
{
    sides
    {
        type            zeroGradient;
    }
    empty
    {
        type            empty;
    }
}


// ************************************************************************* //
