/*--------------------------------*- C++ -*----------------------------------*\
| =========                 |                                                 |
| \\      /  F ield         | OpenFOAM: The Open Source CFD Toolbox           |
|  \\    /   O peration     | Version:  2312                                  |
|   \\  /    A nd           | Website:  www.openfoam.com                      |
|    \\/     M anipulation  |                                                 |
\*---------------------------------------------------------------------------*/
FoamFile
{
    version     2.0;
    format      ascii;
    arch        "LSB;label=32;scalar=64";
    class       volScalarField;
    location    "3.4";
    object      T;
}
// * * * * * * * * * * * * * * * * * * * * * * * * * * * * * * * * * * * * * //

dimensions      [0 0 0 1 0 0 0];

internalField   nonuniform List<scalar> 
1000
(
0
0
0
0
0
0
0
0
0
0
0
0
0
0
0
0
0
0
0
0
0
0
0
0
0
0
0
0
0
0
0
0
0
0
0
0
0
0
0
0
0
0
0
0
0
0
0
0
0
0
0
0
0
0
0
0
0
0
0
0
0
0
0
0
0
0
0
0
0
0
0
0
0
0
0
0
0
0
0
0
0
0
0
0
0
0
0
0
0
0
0
0
0
0
0
0
0
0
0
0
0
0
0
0
0
0
0
0
0
0
0
0
0
0
0
0
0
0
0
0
0
0
0
0
0
0
0
0
0
0
0
0
0
0
0
0
0
0
0
0
0
0
0
0
0
0
0
0
0
0
0
0
0
0
0
0
0
0
0
0
0
0
0
0
0
0
0
0
0
0
0
0
0
0
0
0
0
0
0
0
0
0
0
0
0
0
0
0
0
0
0
0
0
0
0
0
0
0
0
0
0
0
0
0
0
0
0
0
0
0
0
0
0
0
0
0
0
0
0
0
0
0
0
0
0
0
0
0
0
0
0
0
0
0
0
0
0
0
1.4822e-323
4.43671e-321
3.76093e-319
3.13362e-317
2.59882e-315
2.14557e-313
1.76335e-311
1.44262e-309
1.17482e-307
9.52339e-306
7.68418e-304
6.17135e-302
4.93321e-300
3.92495e-298
3.10802e-296
2.44944e-294
1.9212e-292
1.49965e-290
1.16495e-288
9.0056e-287
6.92781e-285
5.30329e-283
4.0397e-281
3.06193e-279
2.30925e-277
1.73287e-275
1.2938e-273
9.6108e-272
7.10288e-270
5.22249e-268
3.82011e-266
2.77983e-264
2.01228e-262
1.44903e-260
1.03793e-258
7.39515e-257
5.24087e-255
3.69421e-253
2.58993e-251
1.80588e-249
1.2523e-247
8.63642e-246
5.92311e-244
4.03963e-242
2.73965e-240
1.84754e-238
1.23886e-236
8.25975e-235
5.47533e-233
3.60858e-231
2.36445e-229
1.54019e-227
9.97367e-226
6.42025e-224
4.10819e-222
2.61296e-220
1.65189e-218
1.03795e-216
6.48195e-215
4.02297e-213
2.48132e-211
1.52088e-209
9.26332e-208
5.60629e-206
3.37135e-204
2.01434e-202
1.19575e-200
7.05197e-199
4.13161e-197
2.40463e-195
1.39019e-193
7.98323e-192
4.55343e-190
2.57948e-188
1.45124e-186
8.10839e-185
4.49881e-183
2.47859e-181
1.35591e-179
7.3647e-178
3.97147e-176
2.12616e-174
1.12997e-172
5.96117e-171
3.12155e-169
1.6224e-167
8.36879e-166
4.28413e-164
2.17635e-162
1.09706e-160
5.48715e-159
2.72297e-157
1.34058e-155
6.54734e-154
3.17198e-152
1.52426e-150
7.26472e-149
3.43383e-147
1.60956e-145
7.48117e-144
3.44774e-142
1.57532e-140
7.13567e-139
3.20406e-137
1.42603e-135
6.29048e-134
2.74997e-132
1.19131e-130
5.11367e-129
2.17479e-127
9.16292e-126
3.82424e-124
1.58091e-122
6.47261e-121
2.62433e-119
1.05361e-117
4.1881e-116
1.64811e-114
6.42009e-113
2.47532e-111
9.4452e-110
3.56638e-108
1.33239e-106
4.9246e-105
1.80049e-103
6.51086e-102
2.3284e-100
8.23363e-99
2.8786e-97
9.94872e-96
3.39851e-94
1.14732e-92
3.82724e-91
1.26134e-89
4.10633e-88
1.32033e-86
4.19224e-85
1.31424e-83
4.06715e-82
1.24228e-80
3.74438e-79
1.11351e-77
3.26648e-76
9.45036e-75
2.69597e-73
7.58205e-72
2.10171e-70
5.74085e-69
1.5449e-67
4.09487e-66
1.06879e-64
2.74632e-63
6.9455e-62
1.72835e-60
4.23079e-59
1.01846e-57
2.41034e-56
5.60645e-55
1.28126e-53
2.87599e-52
6.33855e-51
1.37117e-49
2.9103e-48
6.05846e-47
1.2365e-45
2.4732e-44
4.84584e-43
9.2968e-42
1.74562e-40
3.20636e-39
5.75834e-38
1.0106e-36
1.73227e-35
2.8984e-34
4.73088e-33
7.52817e-32
1.1671e-30
1.76156e-29
2.58658e-28
3.69197e-27
5.11835e-26
6.88591e-25
8.98143e-24
1.13463e-22
1.38683e-21
1.63821e-20
1.86797e-19
2.05334e-18
2.17293e-17
2.21044e-16
2.15805e-15
2.01856e-14
1.80551e-13
1.54117e-12
1.25263e-11
9.6705e-11
7.07238e-10
4.8852e-09
3.17665e-08
1.93748e-07
1.10385e-06
5.84779e-06
2.86572e-05
0.00012915
0.000531717
0.00198483
0.0066606
0.0199025
0.0524065
0.120307
0.238463
0.405743
0.594257
0.761537
0.879693
0.947594
0.980098
0.993339
0.998015
0.999468
0.999871
0.999971
0.999994
0.999999
1
1
1
1
1
1
1
1
1
1
1
1
1
1
1
1
1
1
1
1
1
1
1
1
1
1
1
1
1
1
1
1
1
1
1
1
1
1
1
1
1
1
1
1
1
1
1
1
1
1
1
1
1
1
1
1
1
1
1
1
1
1
1
1
1
1
1
1
1
1
1
1
1
1
1
1
0.999999
0.999994
0.999971
0.999871
0.999468
0.998015
0.993339
0.980098
0.947594
0.879693
0.761537
0.594257
0.405743
0.238463
0.120307
0.0524065
0.0199025
0.0066606
0.00198483
0.000531717
0.00012915
2.86572e-05
5.84779e-06
1.10385e-06
1.93748e-07
3.17665e-08
4.8852e-09
7.07238e-10
9.6705e-11
1.25263e-11
1.54117e-12
1.80551e-13
2.01856e-14
2.15805e-15
2.21044e-16
2.17293e-17
2.05334e-18
1.86797e-19
1.63821e-20
1.38683e-21
1.13463e-22
8.98143e-24
6.88591e-25
5.11835e-26
3.69197e-27
2.58658e-28
1.76156e-29
1.1671e-30
7.52817e-32
4.73088e-33
2.8984e-34
1.73227e-35
1.0106e-36
5.75834e-38
3.20636e-39
1.74562e-40
9.2968e-42
4.84584e-43
2.4732e-44
1.2365e-45
6.05846e-47
2.9103e-48
1.37117e-49
6.33855e-51
2.87599e-52
1.28126e-53
5.60645e-55
2.41034e-56
1.01846e-57
4.23079e-59
1.72835e-60
6.9455e-62
2.74632e-63
1.06879e-64
4.09487e-66
1.5449e-67
5.74085e-69
2.10171e-70
7.58205e-72
2.69597e-73
9.45036e-75
3.26648e-76
1.11351e-77
3.74438e-79
1.24228e-80
4.06715e-82
1.31424e-83
4.19224e-85
1.32033e-86
4.10633e-88
1.26134e-89
3.82724e-91
1.14732e-92
3.39851e-94
9.94872e-96
2.8786e-97
8.23363e-99
2.3284e-100
6.51086e-102
1.80049e-103
4.9246e-105
1.33239e-106
3.56638e-108
9.4452e-110
2.47532e-111
6.42009e-113
1.64811e-114
4.1881e-116
1.05361e-117
2.62433e-119
6.47261e-121
1.58091e-122
3.82424e-124
9.16292e-126
2.17479e-127
5.11367e-129
1.19131e-130
2.74997e-132
6.29048e-134
1.42603e-135
3.20406e-137
7.13567e-139
1.57532e-140
3.44774e-142
7.48117e-144
1.60956e-145
3.43383e-147
7.26472e-149
1.52426e-150
3.17198e-152
6.54734e-154
1.34058e-155
2.72297e-157
5.48715e-159
1.09706e-160
2.17635e-162
4.28413e-164
8.36879e-166
1.6224e-167
3.12155e-169
5.96117e-171
1.12997e-172
2.12616e-174
3.97147e-176
7.3647e-178
1.35591e-179
2.47859e-181
4.49881e-183
8.10839e-185
1.45124e-186
2.57948e-188
4.55343e-190
7.98323e-192
1.39019e-193
2.40463e-195
4.13161e-197
7.05197e-199
1.19575e-200
2.01434e-202
3.37135e-204
5.60629e-206
9.26332e-208
1.52088e-209
2.48132e-211
4.02297e-213
6.48195e-215
1.03795e-216
1.65189e-218
2.61296e-220
4.10819e-222
6.42025e-224
9.97367e-226
1.54019e-227
2.36445e-229
3.60858e-231
5.47533e-233
8.25975e-235
1.23886e-236
1.84754e-238
2.73965e-240
4.03963e-242
5.92311e-244
8.63642e-246
1.2523e-247
1.80588e-249
2.58993e-251
3.69421e-253
5.24087e-255
7.39515e-257
1.03793e-258
1.44903e-260
2.01228e-262
2.77983e-264
3.82011e-266
5.22249e-268
7.10288e-270
9.6108e-272
1.2938e-273
1.73287e-275
2.30925e-277
3.06193e-279
4.0397e-281
5.30329e-283
6.92781e-285
9.0056e-287
1.16495e-288
1.49965e-290
1.9212e-292
2.44944e-294
3.10802e-296
3.92495e-298
4.93321e-300
6.17135e-302
7.68418e-304
9.52339e-306
1.17482e-307
1.44262e-309
1.76335e-311
2.14557e-313
2.59882e-315
3.13362e-317
3.76093e-319
4.43671e-321
1.4822e-323
0
0
0
0
0
0
0
0
0
0
0
0
0
0
0
0
0
0
0
0
0
0
0
0
0
0
0
0
0
0
0
0
0
0
0
0
0
0
0
0
0
0
0
0
0
0
0
0
0
0
0
0
0
0
0
0
0
0
0
0
0
0
0
0
0
0
0
0
0
0
0
0
0
0
0
0
0
0
0
0
0
0
0
0
0
0
0
0
0
0
0
0
0
0
0
0
0
0
0
0
0
0
0
0
0
0
0
0
0
0
0
0
0
0
0
0
0
0
0
0
0
0
0
0
0
0
0
0
0
0
0
0
0
0
0
0
0
0
0
0
0
0
0
0
0
0
0
0
0
0
0
0
0
0
0
0
0
0
0
0
0
0
0
0
0
0
0
0
0
0
0
0
0
0
0
0
0
0
0
0
0
0
0
0
0
0
0
0
0
0
0
0
0
0
0
0
0
0
0
0
0
0
0
0
0
0
0
0
0
0
0
0
0
0
0
0
0
0
0
0
0
0
0
0
0
0
0
0
0
0
0
0
0
0
0
0
0
0
)
;

boundaryField
{
    sides
    {
        type            zeroGradient;
    }
    empty
    {
        type            empty;
    }
}


// ************************************************************************* //
