/*--------------------------------*- C++ -*----------------------------------*\
| =========                 |                                                 |
| \\      /  F ield         | OpenFOAM: The Open Source CFD Toolbox           |
|  \\    /   O peration     | Version:  2312                                  |
|   \\  /    A nd           | Website:  www.openfoam.com                      |
|    \\/     M anipulation  |                                                 |
\*---------------------------------------------------------------------------*/
FoamFile
{
    version     2.0;
    format      ascii;
    arch        "LSB;label=32;scalar=64";
    class       volScalarField;
    location    "0.4";
    object      T;
}
// * * * * * * * * * * * * * * * * * * * * * * * * * * * * * * * * * * * * * //

dimensions      [0 0 0 1 0 0 0];

internalField   nonuniform List<scalar> 
1000
(
0
0
0
0
0
0
0
0
0
0
0
0
0
0
0
0
0
0
0
0
0
0
0
0
0
0
0
0
0
0
0
0
0
0
0
0
0
0
0
0
0
0
0
0
0
0
0
0
0
0
0
0
0
0
0
0
0
0
0
0
0
0
0
0
0
0
0
0
0
0
0
0
0
0
0
0
0
0
0
0
0
0
0
0
0
0
0
0
0
0
0
0
0
0
0
0
0
0
0
0
0
0
0
0
0
0
0
0
0
0
0
0
0
0
0
0
0
0
0
0
0
0
0
0
0
0
0
0
0
0
0
0
0
0
0
0
0
0
0
0
0
0
0
0
0
0
0
0
0
0
0
0
0
0
0
0
0
0
0
0
0
0
0
0
0
0
0
0
0
0
0
0
0
0
0
0
0
0
0
0
0
0
0
0
0
0
0
0
0
0
0
0
0
0
0
0
0
0
0
0
0
0
0
0
0
0
0
0
0
0
0
0
0
0
0
0
0
0
0
0
0
0
0
0
0
0
0
0
0
0
0
0
0
0
0
0
0
0
0
0
0
0
0
0
0
0
0
0
0
0
0
0
0
0
0
0
0
0
0
0
0
0
0
0
0
0
0
0
0
0
0
0
0
0
0
0
0
0
0
0
0
0
0
0
0
0
0
0
0
0
0
0
0
0
0
0
0
0
0
0
0
0
0
0
0
4.44659e-323
2.0894e-320
7.93374e-318
2.99635e-315
1.1258e-312
4.20789e-310
1.56452e-307
5.78616e-305
2.1285e-302
7.78765e-300
2.8338e-297
1.02551e-294
3.69059e-292
1.32073e-289
4.69971e-287
1.66282e-284
5.8494e-282
2.04572e-279
7.11253e-277
2.45822e-274
8.44523e-272
2.88383e-269
9.78744e-267
3.30129e-264
1.10659e-261
3.68593e-259
1.21995e-256
4.0118e-254
1.31072e-251
4.2543e-249
1.3717e-246
4.39314e-244
1.39748e-241
4.41503e-239
1.3852e-236
4.31566e-234
1.33507e-231
4.10062e-229
1.2504e-226
3.78499e-224
1.13727e-221
3.3916e-219
1.00381e-216
2.9483e-214
8.59246e-212
2.48458e-209
7.12751e-207
2.02828e-204
5.72511e-202
1.60273e-199
4.44951e-197
1.22488e-194
3.34321e-192
9.04624e-190
2.4264e-187
6.45053e-185
1.69949e-182
4.43687e-180
1.14768e-177
2.94098e-175
7.46516e-173
1.87674e-170
4.67226e-168
1.15173e-165
2.81068e-163
6.78965e-161
1.62329e-158
3.84051e-156
8.99e-154
2.0818e-151
4.7682e-149
1.08003e-146
2.41881e-144
5.35527e-142
1.1719e-139
2.53427e-137
5.41475e-135
1.14283e-132
2.3822e-130
4.9031e-128
9.96245e-126
1.99787e-123
3.95342e-121
7.71755e-119
1.48587e-116
2.82073e-114
5.27853e-112
9.73447e-110
1.76864e-107
3.16494e-105
5.57649e-103
9.67136e-101
1.65046e-98
2.77055e-96
4.57318e-94
7.42001e-92
1.18293e-89
1.85229e-87
2.8476e-85
4.29616e-83
6.35799e-81
9.22559e-79
1.31187e-76
1.82721e-74
2.49147e-72
3.32389e-70
4.33617e-68
5.52798e-66
6.88245e-64
8.36254e-62
9.90919e-60
1.14422e-57
1.28647e-55
1.40715e-53
1.49599e-51
1.54436e-49
1.5465e-47
1.50056e-45
1.40911e-43
1.27901e-41
1.1206e-39
9.46313e-38
7.69016e-36
6.00348e-34
4.49389e-32
3.21884e-30
2.20119e-28
1.43356e-26
8.86705e-25
5.19297e-23
2.86967e-21
1.49055e-19
7.24502e-18
3.27881e-16
1.37351e-14
5.28931e-13
1.85727e-11
5.88807e-10
1.66504e-08
4.13597e-07
8.84697e-06
0.000158637
0.00229508
0.0252648
0.191367
0.808633
0.974735
0.997705
0.999841
0.999991
1
1
1
1
1
1
1
1
1
1
1
1
1
1
1
1
1
1
1
1
1
1
1
1
1
1
1
1
1
1
1
1
1
1
1
1
1
1
1
1
1
1
1
1
1
1
1
1
1
1
1
1
1
1
1
1
1
1
1
1
1
1
1
1
1
1
1
1
1
1
1
1
1
1
1
1
1
1
1
1
1
1
1
1
1
1
1
1
1
1
0.999991
0.999841
0.997705
0.974735
0.808633
0.191367
0.0252648
0.00229508
0.000158637
8.84697e-06
4.13597e-07
1.66504e-08
5.88807e-10
1.85727e-11
5.28931e-13
1.37351e-14
3.27881e-16
7.24502e-18
1.49055e-19
2.86967e-21
5.19297e-23
8.86705e-25
1.43356e-26
2.20119e-28
3.21884e-30
4.49389e-32
6.00348e-34
7.69016e-36
9.46313e-38
1.1206e-39
1.27901e-41
1.40911e-43
1.50056e-45
1.5465e-47
1.54436e-49
1.49599e-51
1.40715e-53
1.28647e-55
1.14422e-57
9.90919e-60
8.36254e-62
6.88245e-64
5.52798e-66
4.33617e-68
3.32389e-70
2.49147e-72
1.82721e-74
1.31187e-76
9.22559e-79
6.35799e-81
4.29616e-83
2.8476e-85
1.85229e-87
1.18293e-89
7.42001e-92
4.57318e-94
2.77055e-96
1.65046e-98
9.67136e-101
5.57649e-103
3.16494e-105
1.76864e-107
9.73447e-110
5.27853e-112
2.82073e-114
1.48587e-116
7.71755e-119
3.95342e-121
1.99787e-123
9.96245e-126
4.9031e-128
2.3822e-130
1.14283e-132
5.41475e-135
2.53427e-137
1.1719e-139
5.35527e-142
2.41881e-144
1.08003e-146
4.7682e-149
2.0818e-151
8.99e-154
3.84051e-156
1.62329e-158
6.78965e-161
2.81068e-163
1.15173e-165
4.67226e-168
1.87674e-170
7.46516e-173
2.94098e-175
1.14768e-177
4.43687e-180
1.69949e-182
6.45053e-185
2.4264e-187
9.04624e-190
3.34321e-192
1.22488e-194
4.44951e-197
1.60273e-199
5.72511e-202
2.02828e-204
7.12751e-207
2.48458e-209
8.59246e-212
2.9483e-214
1.00381e-216
3.3916e-219
1.13727e-221
3.78499e-224
1.2504e-226
4.10062e-229
1.33507e-231
4.31566e-234
1.3852e-236
4.41503e-239
1.39748e-241
4.39314e-244
1.3717e-246
4.2543e-249
1.31072e-251
4.0118e-254
1.21995e-256
3.68593e-259
1.10659e-261
3.30129e-264
9.78744e-267
2.88383e-269
8.44523e-272
2.45822e-274
7.11253e-277
2.04572e-279
5.8494e-282
1.66282e-284
4.69971e-287
1.32073e-289
3.69059e-292
1.02551e-294
2.8338e-297
7.78765e-300
2.1285e-302
5.78616e-305
1.56452e-307
4.20789e-310
1.1258e-312
2.99635e-315
7.93375e-318
2.0894e-320
4.44659e-323
0
0
0
0
0
0
0
0
0
0
0
0
0
0
0
0
0
0
0
0
0
0
0
0
0
0
0
0
0
0
0
0
0
0
0
0
0
0
0
0
0
0
0
0
0
0
0
0
0
0
0
0
0
0
0
0
0
0
0
0
0
0
0
0
0
0
0
0
0
0
0
0
0
0
0
0
0
0
0
0
0
0
0
0
0
0
0
0
0
0
0
0
0
0
0
0
0
0
0
0
0
0
0
0
0
0
0
0
0
0
0
0
0
0
0
0
0
0
0
0
0
0
0
0
0
0
0
0
0
0
0
0
0
0
0
0
0
0
0
0
0
0
0
0
0
0
0
0
0
0
0
0
0
0
0
0
0
0
0
0
0
0
0
0
0
0
0
0
0
0
0
0
0
0
0
0
0
0
0
0
0
0
0
0
0
0
0
0
0
0
0
0
0
0
0
0
0
0
0
0
0
0
0
0
0
0
0
0
0
0
0
0
0
0
0
0
0
0
0
0
0
0
0
0
0
0
0
0
0
0
0
0
0
0
0
0
0
0
0
0
0
0
0
0
0
0
0
0
0
0
0
0
0
0
0
0
0
0
0
0
0
0
0
0
0
0
0
0
0
0
0
0
0
0
0
0
0
0
0
0
0
0
0
0
0
0
0
0
0
0
0
0
0
0
0
0
0
0
0
0
0
0
0
0
0
)
;

boundaryField
{
    sides
    {
        type            zeroGradient;
    }
    empty
    {
        type            empty;
    }
}


// ************************************************************************* //
