/*--------------------------------*- C++ -*----------------------------------*\
| =========                 |                                                 |
| \\      /  F ield         | OpenFOAM: The Open Source CFD Toolbox           |
|  \\    /   O peration     | Version:  2312                                  |
|   \\  /    A nd           | Website:  www.openfoam.com                      |
|    \\/     M anipulation  |                                                 |
\*---------------------------------------------------------------------------*/
FoamFile
{
    version     2.0;
    format      ascii;
    arch        "LSB;label=32;scalar=64";
    class       volScalarField;
    location    "0.2";
    object      T;
}
// * * * * * * * * * * * * * * * * * * * * * * * * * * * * * * * * * * * * * //

dimensions      [0 0 0 1 0 0 0];

internalField   nonuniform List<scalar> 
1000
(
0
0
0
0
0
0
0
0
0
0
0
0
0
0
0
0
0
0
0
0
0
0
0
0
0
0
0
0
0
0
0
0
0
0
0
0
0
0
0
0
0
0
0
0
0
0
0
0
0
0
0
0
0
0
0
0
0
0
0
0
0
0
0
0
0
0
0
0
0
0
0
0
0
0
0
0
0
0
0
0
0
0
0
0
0
0
0
0
0
0
0
0
0
0
0
0
0
0
0
0
0
0
0
0
0
0
0
0
0
0
0
0
0
0
0
0
0
0
0
0
0
0
0
0
0
0
0
0
0
0
0
0
0
0
0
0
0
0
0
0
0
0
0
0
0
0
0
0
0
0
0
0
0
0
0
0
0
0
0
0
0
0
0
0
0
0
0
0
0
0
0
0
0
0
0
0
0
0
0
0
0
0
0
0
0
0
0
0
0
0
0
0
0
0
0
0
0
0
0
0
0
0
0
0
0
0
0
0
0
0
0
0
0
0
0
0
0
0
0
0
0
0
0
0
0
0
0
0
0
0
0
0
0
0
0
0
0
0
0
0
0
0
0
0
0
0
0
0
0
0
0
0
0
0
0
0
0
0
0
0
0
0
0
0
0
0
0
0
0
0
0
0
0
0
0
0
0
0
0
0
0
0
0
0
0
0
0
0
0
0
0
0
0
0
0
0
0
0
0
0
0
0
0
0
0
0
0
0
0
0
0
0
0
0
0
0
0
0
4.39718e-322
2.51598e-319
1.42972e-316
8.0867e-314
4.55261e-311
2.55092e-308
1.42251e-305
7.89437e-303
4.3597e-300
2.39579e-297
1.31e-294
7.12691e-292
3.85755e-289
2.07719e-286
1.11268e-283
5.9288e-281
3.14225e-278
1.65639e-275
8.68371e-273
4.52731e-270
2.34714e-267
1.20996e-264
6.20166e-262
3.16022e-259
1.60091e-256
8.06174e-254
4.03522e-251
2.00747e-248
9.92521e-246
4.87648e-243
2.38074e-240
1.15484e-237
5.56543e-235
2.66442e-232
1.26706e-229
5.98474e-227
2.80738e-224
1.30776e-221
6.04897e-219
2.77791e-216
1.26647e-213
5.7315e-211
2.57448e-208
1.14766e-205
5.07677e-203
2.22826e-200
9.70283e-198
4.19113e-195
1.7956e-192
7.62926e-190
3.21433e-187
1.3427e-184
5.56012e-182
2.28218e-179
9.28353e-177
3.74204e-174
1.49441e-171
5.91198e-169
2.31646e-166
8.98828e-164
3.45313e-161
1.31328e-158
4.94352e-156
1.84147e-153
6.78677e-151
2.47426e-148
8.92119e-146
3.18058e-143
1.12099e-140
3.90491e-138
1.34412e-135
4.57062e-133
1.53504e-130
5.09049e-128
1.66641e-125
5.3835e-123
1.71589e-120
5.39423e-118
1.67205e-115
5.10877e-113
1.5381e-110
4.56151e-108
1.33209e-105
3.82915e-103
1.08304e-100
3.01292e-98
8.24043e-96
2.21484e-93
5.84748e-91
1.51572e-88
3.85548e-86
9.61874e-84
2.35234e-81
5.63604e-79
1.32213e-76
3.03478e-74
6.81138e-72
1.49379e-69
3.19866e-67
6.68218e-65
1.36074e-62
2.69866e-60
5.2074e-58
9.76676e-56
1.77854e-53
3.14086e-51
5.37236e-49
8.88841e-47
1.42034e-44
2.18868e-42
3.24678e-40
4.62796e-38
6.32565e-36
8.27228e-34
1.03246e-31
1.22647e-29
1.38245e-27
1.47352e-25
1.47942e-23
1.39296e-21
1.22376e-19
9.97263e-18
7.48649e-16
5.1349e-14
3.18605e-12
1.76647e-10
8.61686e-09
3.62387e-07
1.27821e-05
0.000363426
0.00782975
0.114517
0.885483
0.99217
0.999637
0.999987
1
1
1
1
1
1
1
1
1
1
1
1
1
1
1
1
1
1
1
1
1
1
1
1
1
1
1
1
1
1
1
1
1
1
1
1
1
1
1
1
1
1
1
1
1
1
1
1
1
1
1
1
1
1
1
1
1
1
1
1
1
1
1
1
1
1
1
1
1
1
1
1
1
1
1
1
1
1
1
1
1
1
1
1
1
1
1
1
1
1
1
1
0.999987
0.999637
0.99217
0.885483
0.114517
0.00782975
0.000363426
1.27821e-05
3.62387e-07
8.61686e-09
1.76647e-10
3.18605e-12
5.1349e-14
7.48649e-16
9.97263e-18
1.22376e-19
1.39296e-21
1.47942e-23
1.47352e-25
1.38245e-27
1.22647e-29
1.03246e-31
8.27228e-34
6.32565e-36
4.62796e-38
3.24678e-40
2.18868e-42
1.42034e-44
8.88841e-47
5.37236e-49
3.14086e-51
1.77854e-53
9.76676e-56
5.2074e-58
2.69866e-60
1.36074e-62
6.68218e-65
3.19866e-67
1.49379e-69
6.81138e-72
3.03478e-74
1.32213e-76
5.63604e-79
2.35234e-81
9.61874e-84
3.85548e-86
1.51572e-88
5.84748e-91
2.21484e-93
8.24043e-96
3.01292e-98
1.08304e-100
3.82915e-103
1.33209e-105
4.56151e-108
1.5381e-110
5.10877e-113
1.67205e-115
5.39423e-118
1.71589e-120
5.3835e-123
1.66641e-125
5.09049e-128
1.53504e-130
4.57062e-133
1.34412e-135
3.90491e-138
1.12099e-140
3.18058e-143
8.92119e-146
2.47426e-148
6.78677e-151
1.84147e-153
4.94352e-156
1.31328e-158
3.45313e-161
8.98828e-164
2.31646e-166
5.91198e-169
1.49441e-171
3.74204e-174
9.28353e-177
2.28218e-179
5.56012e-182
1.3427e-184
3.21433e-187
7.62926e-190
1.7956e-192
4.19113e-195
9.70283e-198
2.22826e-200
5.07677e-203
1.14766e-205
2.57448e-208
5.7315e-211
1.26647e-213
2.77791e-216
6.04897e-219
1.30776e-221
2.80738e-224
5.98474e-227
1.26706e-229
2.66442e-232
5.56543e-235
1.15484e-237
2.38074e-240
4.87648e-243
9.92521e-246
2.00747e-248
4.03522e-251
8.06174e-254
1.60091e-256
3.16022e-259
6.20166e-262
1.20996e-264
2.34714e-267
4.52731e-270
8.68371e-273
1.65639e-275
3.14225e-278
5.9288e-281
1.11268e-283
2.07719e-286
3.85755e-289
7.12691e-292
1.31e-294
2.39579e-297
4.3597e-300
7.89437e-303
1.42251e-305
2.55092e-308
4.55261e-311
8.0867e-314
1.42972e-316
2.51598e-319
4.39718e-322
0
0
0
0
0
0
0
0
0
0
0
0
0
0
0
0
0
0
0
0
0
0
0
0
0
0
0
0
0
0
0
0
0
0
0
0
0
0
0
0
0
0
0
0
0
0
0
0
0
0
0
0
0
0
0
0
0
0
0
0
0
0
0
0
0
0
0
0
0
0
0
0
0
0
0
0
0
0
0
0
0
0
0
0
0
0
0
0
0
0
0
0
0
0
0
0
0
0
0
0
0
0
0
0
0
0
0
0
0
0
0
0
0
0
0
0
0
0
0
0
0
0
0
0
0
0
0
0
0
0
0
0
0
0
0
0
0
0
0
0
0
0
0
0
0
0
0
0
0
0
0
0
0
0
0
0
0
0
0
0
0
0
0
0
0
0
0
0
0
0
0
0
0
0
0
0
0
0
0
0
0
0
0
0
0
0
0
0
0
0
0
0
0
0
0
0
0
0
0
0
0
0
0
0
0
0
0
0
0
0
0
0
0
0
0
0
0
0
0
0
0
0
0
0
0
0
0
0
0
0
0
0
0
0
0
0
0
0
0
0
0
0
0
0
0
0
0
0
0
0
0
0
0
0
0
0
0
0
0
0
0
0
0
0
0
0
0
0
0
0
0
0
0
0
0
0
0
0
0
0
0
0
0
0
0
0
0
0
0
0
0
0
0
0
0
0
0
0
0
0
0
0
0
0
0
0
0
0
0
0
0
0
0
0
0
0
0
0
)
;

boundaryField
{
    sides
    {
        type            zeroGradient;
    }
    empty
    {
        type            empty;
    }
}


// ************************************************************************* //
