/*--------------------------------*- C++ -*----------------------------------*\
| =========                 |                                                 |
| \\      /  F ield         | OpenFOAM: The Open Source CFD Toolbox           |
|  \\    /   O peration     | Version:  2312                                  |
|   \\  /    A nd           | Website:  www.openfoam.com                      |
|    \\/     M anipulation  |                                                 |
\*---------------------------------------------------------------------------*/
FoamFile
{
    version     2.0;
    format      ascii;
    arch        "LSB;label=32;scalar=64";
    class       volScalarField;
    location    "1.7";
    object      T;
}
// * * * * * * * * * * * * * * * * * * * * * * * * * * * * * * * * * * * * * //

dimensions      [0 0 0 1 0 0 0];

internalField   nonuniform List<scalar> 
1000
(
4.44289e-155
1.31393e-154
4.82214e-154
1.79863e-153
6.70679e-153
2.49714e-152
9.28295e-152
3.44542e-151
1.27676e-150
4.72371e-150
1.74488e-149
6.43508e-149
2.36944e-148
8.71045e-148
3.19695e-147
1.17147e-146
4.2857e-146
1.56535e-145
5.70811e-145
2.07811e-144
7.55325e-144
2.74088e-143
9.92963e-143
3.59139e-142
1.29681e-141
4.67491e-141
1.68248e-140
6.04516e-140
2.16842e-139
7.76522e-139
2.77613e-138
9.90826e-138
3.53042e-137
1.25581e-136
4.45954e-136
1.58096e-135
5.59521e-135
1.97685e-134
6.97256e-134
2.4551e-133
8.62984e-133
3.02825e-132
1.0608e-131
3.70961e-131
1.29501e-130
4.51299e-130
1.57001e-129
5.45238e-129
1.89022e-128
6.54151e-128
2.25987e-127
7.79339e-127
2.6829e-126
9.21968e-126
3.16271e-125
1.08301e-124
3.70197e-124
1.26316e-123
4.3024e-123
1.4628e-122
4.96453e-122
1.68186e-121
5.68747e-121
1.91983e-120
6.46873e-120
2.17563e-119
7.30402e-119
2.44762e-118
8.18715e-118
2.73353e-117
9.10994e-117
3.03045e-116
1.00622e-115
3.33486e-115
1.1032e-114
3.64269e-114
1.20054e-113
3.94932e-113
1.29673e-112
4.24975e-112
1.39013e-111
4.53866e-111
1.47903e-110
4.81061e-110
1.5617e-109
5.06015e-109
1.63644e-108
5.28204e-108
1.70164e-107
5.47139e-107
1.75585e-106
5.62385e-106
1.79778e-105
5.7358e-105
1.82643e-104
5.80446e-104
1.84106e-103
5.82798e-103
1.84125e-102
5.80559e-102
1.82692e-101
5.73759e-101
1.79835e-100
5.62535e-100
1.75613e-99
5.47128e-99
1.70117e-98
5.27873e-98
1.63468e-97
5.05187e-97
1.55808e-96
4.79558e-96
1.473e-95
4.51519e-95
1.38119e-94
4.21637e-94
1.28447e-93
3.90491e-93
1.18466e-92
3.58653e-92
1.08355e-91
3.26671e-91
9.82792e-91
2.95052e-90
8.83933e-90
2.64254e-89
7.88318e-89
2.3467e-88
6.97089e-88
2.06628e-87
6.11167e-87
1.80384e-86
5.31249e-86
1.56121e-85
4.57806e-85
1.33955e-84
3.91103e-84
1.13939e-83
3.31212e-83
9.60693e-83
2.7804e-82
8.02917e-82
2.31352e-81
6.65138e-81
1.90802e-80
5.46118e-80
1.55962e-79
4.44401e-79
1.26344e-78
3.58391e-78
1.01432e-77
2.86424e-77
8.06968e-77
2.26837e-76
6.36175e-76
1.7801e-75
4.96953e-75
1.38415e-74
3.84636e-74
1.06637e-73
2.94958e-73
8.13952e-73
2.2409e-72
6.15502e-72
1.68662e-71
4.61084e-71
1.25753e-70
3.42159e-70
9.28766e-70
2.51507e-69
6.7945e-69
1.83115e-68
4.92322e-68
1.32047e-67
3.53313e-67
9.4306e-67
2.5111e-66
6.6701e-66
1.76742e-65
4.67182e-65
1.23187e-64
3.24023e-64
8.50187e-64
2.22525e-63
5.80984e-63
1.51311e-62
3.93089e-62
1.01865e-61
2.63312e-61
6.78927e-61
1.74614e-60
4.47958e-60
1.14628e-59
2.92579e-59
7.44878e-59
1.89154e-58
4.79107e-58
1.21041e-57
3.05008e-57
7.66594e-57
1.92174e-56
4.80498e-56
1.19827e-55
2.98047e-55
7.3939e-55
1.82945e-54
4.51461e-54
1.11115e-53
2.72753e-53
6.67747e-53
1.63041e-52
3.97025e-52
9.64216e-52
2.3354e-51
5.64127e-51
1.35899e-50
3.26497e-50
7.82273e-50
1.86919e-49
4.45408e-49
1.05845e-48
2.50836e-48
5.92802e-48
1.3971e-47
3.28351e-47
7.69559e-47
1.79859e-46
4.19186e-46
9.74233e-46
2.25785e-45
5.21798e-45
1.20248e-44
2.76327e-44
6.33186e-44
1.44677e-43
3.29627e-43
7.4886e-43
1.69639e-42
3.83177e-42
8.63007e-42
1.93806e-41
4.33967e-41
9.68896e-41
2.15688e-40
4.78739e-40
1.05948e-39
2.33778e-39
5.14315e-39
1.12814e-38
2.46721e-38
5.37961e-38
1.16948e-37
2.53474e-37
5.47727e-37
1.18e-36
2.53447e-36
5.42715e-36
1.1586e-35
2.46586e-35
5.23206e-35
1.10673e-34
2.33387e-34
4.90645e-34
1.02829e-33
2.14838e-33
4.47461e-33
9.29059e-33
1.92296e-32
3.96766e-32
8.16075e-32
1.67322e-31
3.41982e-31
6.96743e-31
1.41501e-30
2.86457e-30
5.78054e-30
1.16274e-29
2.33131e-29
4.65923e-29
9.28159e-29
1.84298e-28
3.64759e-28
7.19571e-28
1.41488e-27
2.77294e-27
5.41668e-27
1.05461e-26
2.04652e-26
3.95819e-26
7.63018e-26
1.46597e-25
2.80712e-25
5.35725e-25
1.01897e-24
1.93161e-24
3.6493e-24
6.87112e-24
1.28935e-23
2.4112e-23
4.4938e-23
8.34655e-23
1.54493e-22
2.84982e-22
5.23872e-22
9.59692e-22
1.75199e-21
3.18729e-21
5.77827e-21
1.04389e-20
1.87928e-20
3.37134e-20
6.02675e-20
1.07357e-19
1.90564e-19
3.37063e-19
5.94069e-19
1.04331e-18
1.82573e-18
3.18351e-18
5.53113e-18
9.57544e-18
1.65172e-17
2.83885e-17
4.86154e-17
8.29519e-17
1.41025e-16
2.38881e-16
4.03159e-16
6.77918e-16
1.13575e-15
1.89577e-15
3.15271e-15
5.22367e-15
8.62294e-15
1.41814e-14
2.32363e-14
3.79306e-14
6.16863e-14
9.99441e-14
1.61322e-13
2.59414e-13
4.1558e-13
6.63242e-13
1.05449e-12
1.67018e-12
2.63531e-12
4.14233e-12
6.48629e-12
1.01178e-11
1.5722e-11
2.43368e-11
3.7527e-11
5.76435e-11
8.82017e-11
1.34438e-10
2.04119e-10
3.08714e-10
4.65091e-10
6.97953e-10
1.04332e-09
1.5535e-09
2.3041e-09
3.40399e-09
5.00918e-09
7.34235e-09
1.07199e-08
1.55895e-08
2.25816e-08
3.25804e-08
4.68206e-08
6.70182e-08
9.5548e-08
1.35682e-07
1.91906e-07
2.70348e-07
3.79335e-07
5.30133e-07
7.37917e-07
1.02303e-06
1.41263e-06
1.94278e-06
2.66117e-06
3.63057e-06
4.9332e-06
6.67625e-06
8.99881e-06
1.20805e-05
1.61522e-05
2.15093e-05
2.85276e-05
3.76833e-05
4.95766e-05
6.49602e-05
8.47739e-05
0.000110184
0.000142633
0.000183893
0.000236131
0.000301985
0.000384646
0.000487958
0.000616524
0.000775826
0.00097236
0.00121378
0.00150905
0.00186862
0.00230459
0.00283089
0.00346347
0.0042205
0.00512249
0.00619252
0.00745634
0.00894252
0.0106825
0.0127108
0.0150647
0.0177845
0.0209133
0.0244968
0.0285829
0.0332216
0.0384646
0.0443642
0.0509734
0.0583449
0.0665302
0.075579
0.085538
0.0964503
0.108354
0.121282
0.135259
0.150305
0.166427
0.183628
0.201898
0.221216
0.241551
0.262863
0.285098
0.308194
0.332077
0.356663
0.381861
0.40757
0.433684
0.460092
0.486678
0.513322
0.539908
0.566316
0.59243
0.618139
0.643337
0.667923
0.691806
0.714902
0.737137
0.758449
0.778784
0.798102
0.816372
0.833573
0.849695
0.864741
0.878718
0.891646
0.90355
0.914462
0.924421
0.93347
0.941655
0.949026
0.955635
0.961535
0.966778
0.971416
0.975502
0.979085
0.982213
0.984932
0.987284
0.989311
0.991048
0.992532
0.993791
0.994856
0.995751
0.996499
0.99712
0.99763
0.998047
0.998381
0.998644
0.998844
0.998988
0.999081
0.999127
0.999127
0.999081
0.998988
0.998844
0.998644
0.998381
0.998047
0.99763
0.99712
0.996499
0.995751
0.994856
0.993791
0.992532
0.991048
0.989311
0.987284
0.984932
0.982213
0.979085
0.975502
0.971416
0.966778
0.961535
0.955635
0.949026
0.941655
0.93347
0.924421
0.914462
0.90355
0.891646
0.878718
0.864741
0.849695
0.833573
0.816372
0.798102
0.778784
0.758449
0.737137
0.714902
0.691806
0.667923
0.643337
0.618139
0.59243
0.566316
0.539908
0.513322
0.486678
0.460092
0.433684
0.40757
0.381861
0.356663
0.332077
0.308194
0.285098
0.262863
0.241551
0.221216
0.201898
0.183628
0.166427
0.150305
0.135259
0.121282
0.108354
0.0964503
0.085538
0.075579
0.0665302
0.0583449
0.0509734
0.0443642
0.0384646
0.0332216
0.0285829
0.0244968
0.0209133
0.0177845
0.0150647
0.0127108
0.0106825
0.00894252
0.00745634
0.00619252
0.00512249
0.0042205
0.00346347
0.00283089
0.00230459
0.00186862
0.00150905
0.00121378
0.00097236
0.000775826
0.000616524
0.000487958
0.000384646
0.000301985
0.000236131
0.000183893
0.000142633
0.000110184
8.47739e-05
6.49602e-05
4.95766e-05
3.76833e-05
2.85276e-05
2.15093e-05
1.61522e-05
1.20805e-05
8.99881e-06
6.67625e-06
4.9332e-06
3.63057e-06
2.66117e-06
1.94278e-06
1.41263e-06
1.02303e-06
7.37917e-07
5.30133e-07
3.79335e-07
2.70348e-07
1.91906e-07
1.35682e-07
9.5548e-08
6.70182e-08
4.68206e-08
3.25804e-08
2.25816e-08
1.55895e-08
1.07199e-08
7.34235e-09
5.00918e-09
3.40399e-09
2.3041e-09
1.5535e-09
1.04332e-09
6.97953e-10
4.65091e-10
3.08714e-10
2.04119e-10
1.34438e-10
8.82017e-11
5.76435e-11
3.7527e-11
2.43368e-11
1.5722e-11
1.01178e-11
6.48629e-12
4.14233e-12
2.63531e-12
1.67018e-12
1.05449e-12
6.63242e-13
4.1558e-13
2.59414e-13
1.61322e-13
9.99441e-14
6.16863e-14
3.79306e-14
2.32363e-14
1.41814e-14
8.62294e-15
5.22367e-15
3.15271e-15
1.89577e-15
1.13575e-15
6.77918e-16
4.03159e-16
2.38881e-16
1.41025e-16
8.29519e-17
4.86154e-17
2.83885e-17
1.65172e-17
9.57544e-18
5.53113e-18
3.18351e-18
1.82573e-18
1.04331e-18
5.94069e-19
3.37063e-19
1.90564e-19
1.07357e-19
6.02675e-20
3.37134e-20
1.87928e-20
1.04389e-20
5.77827e-21
3.18729e-21
1.75199e-21
9.59692e-22
5.23872e-22
2.84982e-22
1.54493e-22
8.34655e-23
4.4938e-23
2.4112e-23
1.28935e-23
6.87112e-24
3.6493e-24
1.93161e-24
1.01897e-24
5.35725e-25
2.80712e-25
1.46597e-25
7.63018e-26
3.95819e-26
2.04652e-26
1.05461e-26
5.41668e-27
2.77294e-27
1.41488e-27
7.19571e-28
3.64759e-28
1.84298e-28
9.28159e-29
4.65923e-29
2.33131e-29
1.16274e-29
5.78054e-30
2.86457e-30
1.41501e-30
6.96743e-31
3.41982e-31
1.67322e-31
8.16075e-32
3.96766e-32
1.92296e-32
9.29059e-33
4.47461e-33
2.14838e-33
1.02829e-33
4.90645e-34
2.33387e-34
1.10673e-34
5.23206e-35
2.46586e-35
1.1586e-35
5.42715e-36
2.53447e-36
1.18e-36
5.47727e-37
2.53474e-37
1.16948e-37
5.37961e-38
2.46721e-38
1.12814e-38
5.14315e-39
2.33778e-39
1.05948e-39
4.78739e-40
2.15688e-40
9.68896e-41
4.33967e-41
1.93806e-41
8.63007e-42
3.83177e-42
1.69639e-42
7.4886e-43
3.29627e-43
1.44677e-43
6.33186e-44
2.76327e-44
1.20248e-44
5.21798e-45
2.25785e-45
9.74233e-46
4.19186e-46
1.79859e-46
7.69559e-47
3.28351e-47
1.3971e-47
5.92802e-48
2.50836e-48
1.05845e-48
4.45408e-49
1.86919e-49
7.82273e-50
3.26497e-50
1.35899e-50
5.64127e-51
2.3354e-51
9.64216e-52
3.97025e-52
1.63041e-52
6.67747e-53
2.72753e-53
1.11115e-53
4.51461e-54
1.82945e-54
7.3939e-55
2.98047e-55
1.19827e-55
4.80498e-56
1.92174e-56
7.66594e-57
3.05008e-57
1.21041e-57
4.79107e-58
1.89154e-58
7.44878e-59
2.92579e-59
1.14628e-59
4.47958e-60
1.74614e-60
6.78927e-61
2.63312e-61
1.01865e-61
3.93089e-62
1.51311e-62
5.80984e-63
2.22525e-63
8.50187e-64
3.24023e-64
1.23187e-64
4.67182e-65
1.76742e-65
6.6701e-66
2.5111e-66
9.4306e-67
3.53313e-67
1.32047e-67
4.92322e-68
1.83115e-68
6.7945e-69
2.51507e-69
9.28766e-70
3.42159e-70
1.25753e-70
4.61084e-71
1.68662e-71
6.15502e-72
2.2409e-72
8.13952e-73
2.94958e-73
1.06637e-73
3.84636e-74
1.38415e-74
4.96953e-75
1.7801e-75
6.36175e-76
2.26837e-76
8.06968e-77
2.86424e-77
1.01432e-77
3.58391e-78
1.26344e-78
4.44401e-79
1.55962e-79
5.46118e-80
1.90802e-80
6.65138e-81
2.31352e-81
8.02917e-82
2.7804e-82
9.60693e-83
3.31212e-83
1.13939e-83
3.91103e-84
1.33955e-84
4.57806e-85
1.56121e-85
5.31249e-86
1.80384e-86
6.11167e-87
2.06628e-87
6.97089e-88
2.3467e-88
7.88318e-89
2.64254e-89
8.83933e-90
2.95052e-90
9.82792e-91
3.26671e-91
1.08355e-91
3.58653e-92
1.18466e-92
3.90491e-93
1.28447e-93
4.21637e-94
1.38119e-94
4.51519e-95
1.473e-95
4.79558e-96
1.55808e-96
5.05187e-97
1.63468e-97
5.27873e-98
1.70117e-98
5.47128e-99
1.75613e-99
5.62535e-100
1.79835e-100
5.73759e-101
1.82692e-101
5.80559e-102
1.84125e-102
5.82798e-103
1.84106e-103
5.80446e-104
1.82643e-104
5.7358e-105
1.79778e-105
5.62385e-106
1.75585e-106
5.47139e-107
1.70164e-107
5.28204e-108
1.63644e-108
5.06015e-109
1.5617e-109
4.81061e-110
1.47903e-110
4.53866e-111
1.39013e-111
4.24975e-112
1.29673e-112
3.94932e-113
1.20054e-113
3.64269e-114
1.1032e-114
3.33486e-115
1.00622e-115
3.03045e-116
9.10994e-117
2.73353e-117
8.18715e-118
2.44762e-118
7.30402e-119
2.17563e-119
6.46873e-120
1.91983e-120
5.68747e-121
1.68186e-121
4.96453e-122
1.4628e-122
4.3024e-123
1.26316e-123
3.70197e-124
1.08301e-124
3.16271e-125
9.21968e-126
2.6829e-126
7.79339e-127
2.25987e-127
6.54151e-128
1.89022e-128
5.45238e-129
1.57001e-129
4.51299e-130
1.29501e-130
3.70961e-131
1.0608e-131
3.02825e-132
8.62984e-133
2.4551e-133
6.97256e-134
1.97685e-134
5.59521e-135
1.58096e-135
4.45954e-136
1.25581e-136
3.53042e-137
9.90826e-138
2.77613e-138
7.76522e-139
2.16842e-139
6.04516e-140
1.68248e-140
4.67491e-141
1.29681e-141
3.59139e-142
9.92963e-143
2.74088e-143
7.55325e-144
2.07811e-144
5.70811e-145
1.56535e-145
4.2857e-146
1.17147e-146
3.19695e-147
8.71045e-148
2.36944e-148
6.43508e-149
1.74488e-149
4.72371e-150
1.27676e-150
3.44542e-151
9.28295e-152
2.49714e-152
6.70679e-153
1.79863e-153
4.82214e-154
1.31393e-154
4.44289e-155
)
;

boundaryField
{
    sides
    {
        type            zeroGradient;
    }
    empty
    {
        type            empty;
    }
}


// ************************************************************************* //
