/*--------------------------------*- C++ -*----------------------------------*\
| =========                 |                                                 |
| \\      /  F ield         | OpenFOAM: The Open Source CFD Toolbox           |
|  \\    /   O peration     | Version:  2312                                  |
|   \\  /    A nd           | Website:  www.openfoam.com                      |
|    \\/     M anipulation  |                                                 |
\*---------------------------------------------------------------------------*/
FoamFile
{
    version     2.0;
    format      ascii;
    arch        "LSB;label=32;scalar=64";
    class       volScalarField;
    location    "2.2";
    object      T;
}
// * * * * * * * * * * * * * * * * * * * * * * * * * * * * * * * * * * * * * //

dimensions      [0 0 0 1 0 0 0];

internalField   nonuniform List<scalar> 
1000
(
4.27523e-129
1.02821e-128
3.11058e-128
9.66078e-128
3.00445e-127
9.33187e-127
2.89406e-126
8.96122e-126
2.77042e-125
8.55151e-125
2.63546e-124
8.1093e-124
2.49129e-123
7.64149e-123
2.34014e-122
7.15509e-122
2.18422e-121
6.65707e-121
2.0257e-120
6.15421e-120
1.86669e-119
5.65289e-119
1.70911e-118
5.15902e-118
1.55475e-117
4.67789e-117
1.40518e-116
4.21413e-116
1.26175e-115
3.77163e-115
1.12557e-114
3.35354e-114
9.97514e-114
2.96222e-113
8.78212e-113
2.59933e-112
7.68074e-112
2.2658e-111
6.67295e-111
1.96195e-110
5.7588e-110
1.68752e-109
4.93667e-109
1.44175e-108
4.2035e-108
1.22349e-107
3.5551e-107
1.03126e-106
2.98638e-106
8.63338e-106
2.49159e-105
7.1784e-105
2.06459e-104
5.92782e-104
1.69906e-103
4.8615e-103
1.38862e-102
3.95952e-102
1.12706e-101
3.20256e-101
9.08428e-101
2.57232e-100
7.27106e-100
2.05168e-99
5.77905e-99
1.62495e-98
4.56095e-98
1.27792e-97
3.57421e-97
9.97896e-97
2.78111e-96
7.73705e-96
2.1486e-95
5.95606e-95
1.6481e-94
4.55223e-94
1.25511e-93
3.45428e-93
9.48953e-93
2.60222e-92
7.12286e-92
1.94613e-91
5.3076e-91
1.44487e-90
3.92612e-90
1.06488e-89
2.88295e-89
7.79062e-89
2.10138e-88
5.65758e-88
1.52038e-87
4.07816e-87
1.09186e-86
2.91781e-86
7.78276e-86
2.07203e-85
5.50605e-85
1.46038e-84
3.86609e-84
1.02154e-83
2.6941e-83
7.09166e-83
1.86318e-82
4.88575e-82
1.27872e-81
3.34034e-81
8.709e-81
2.26626e-80
5.88592e-80
1.52573e-79
3.9473e-79
1.01924e-78
2.6267e-78
6.75611e-78
1.73434e-77
4.44343e-77
1.13619e-76
2.89954e-76
7.38501e-76
1.87722e-75
4.76231e-75
1.20575e-74
3.04674e-74
7.68329e-74
1.93371e-73
4.85697e-73
1.2175e-72
3.04578e-72
7.60418e-72
1.89465e-71
4.71116e-71
1.16908e-70
2.89521e-70
7.15533e-70
1.76479e-69
4.34378e-69
1.06697e-68
2.61543e-68
6.39795e-68
1.56186e-67
3.8049e-67
9.25009e-67
2.24412e-66
5.43303e-66
1.3126e-65
3.16456e-65
7.6135e-65
1.82786e-64
4.37914e-64
1.04693e-63
2.49763e-63
5.94592e-63
1.4125e-62
3.34836e-62
7.92045e-62
1.86956e-61
4.40352e-61
1.03497e-60
2.42729e-60
5.68038e-60
1.32647e-59
3.09082e-59
7.18638e-59
1.66725e-58
3.85963e-58
8.9154e-58
2.05488e-57
4.72583e-57
1.08446e-56
2.4831e-56
5.67304e-56
1.29323e-55
2.94152e-55
6.67579e-55
1.5117e-54
3.41554e-54
7.69983e-54
1.73192e-53
3.88687e-53
8.7035e-53
1.9445e-52
4.33449e-52
9.64015e-52
2.13916e-51
4.73602e-51
1.04615e-50
2.30557e-50
5.06955e-50
1.11215e-49
2.4342e-49
5.31553e-49
1.15807e-48
2.51718e-48
5.45866e-48
1.18099e-47
2.54915e-47
5.48946e-47
1.17936e-46
2.52779e-46
5.40525e-46
1.1531e-45
2.45409e-45
5.21059e-45
1.1037e-44
2.3323e-44
4.91679e-44
1.03405e-43
2.16951e-43
4.54087e-43
9.48141e-43
1.97497e-42
4.10392e-42
8.50721e-42
1.75923e-41
3.62912e-41
7.46831e-41
1.53315e-40
3.13966e-40
6.41383e-40
1.30703e-39
2.65695e-39
5.3878e-39
1.08984e-38
2.19908e-38
4.4263e-38
8.88709e-38
1.7799e-37
3.55587e-37
7.08611e-37
1.40858e-36
2.79294e-36
5.52393e-36
1.08978e-35
2.14451e-35
4.20937e-35
8.24143e-35
1.60947e-34
3.13511e-34
6.09134e-34
1.18048e-33
2.28187e-33
4.39953e-33
8.46058e-33
1.62282e-32
3.10469e-32
5.92432e-32
1.12753e-31
2.14037e-31
4.05241e-31
7.65248e-31
1.44129e-30
2.70745e-30
5.07255e-30
9.47864e-30
1.76652e-29
3.28352e-29
6.08707e-29
1.12544e-28
2.07529e-28
3.81658e-28
7.00017e-28
1.2805e-27
2.33605e-27
4.25027e-27
7.71222e-27
1.39562e-26
2.51873e-26
4.53332e-26
8.13711e-26
1.4566e-25
2.60032e-25
4.6294e-25
8.21927e-25
1.45529e-24
2.56963e-24
4.52474e-24
7.94546e-24
1.39137e-23
2.42975e-23
4.23132e-23
7.34819e-23
1.27255e-22
2.19764e-22
3.78462e-22
6.49936e-22
1.11301e-21
1.90067e-21
3.23659e-21
5.49596e-21
9.30615e-21
1.57132e-20
2.64562e-20
4.44175e-20
7.43607e-20
1.24134e-19
2.06632e-19
3.42973e-19
5.67643e-19
9.36789e-19
1.54155e-18
2.52941e-18
4.13833e-18
6.75109e-18
1.09815e-17
1.78111e-17
2.8804e-17
4.64462e-17
7.46756e-17
1.19712e-16
1.91347e-16
3.04953e-16
4.84581e-16
7.67754e-16
1.21282e-15
1.91024e-15
2.99981e-15
4.69692e-15
7.33236e-15
1.14126e-14
1.77104e-14
2.74019e-14
4.22703e-14
6.50115e-14
9.96885e-14
1.52404e-13
2.32297e-13
3.53007e-13
5.3483e-13
8.07862e-13
1.2166e-12
1.82659e-12
2.73414e-12
4.08022e-12
6.07052e-12
9.00424e-12
1.33151e-11
1.96299e-11
2.88514e-11
4.22752e-11
6.17555e-11
8.99361e-11
1.30575e-10
1.88995e-10
2.72713e-10
3.92304e-10
5.62601e-10
8.04336e-10
1.14639e-09
1.62886e-09
2.30723e-09
3.258e-09
4.58631e-09
6.43616e-09
9.00408e-09
1.25574e-08
1.74586e-08
2.41971e-08
3.34319e-08
4.60472e-08
6.32248e-08
8.65393e-08
1.18081e-07
1.60614e-07
2.17785e-07
2.9438e-07
3.96667e-07
5.32817e-07
7.13454e-07
9.5233e-07
1.26719e-06
1.68085e-06
2.22254e-06
2.92954e-06
3.84929e-06
5.04188e-06
6.58316e-06
8.56852e-06
1.11175e-05
1.43792e-05
1.85393e-05
2.38276e-05
3.05279e-05
3.89889e-05
4.96379e-05
6.29962e-05
7.96974e-05
0.000100509
0.000126355
0.000158347
0.000197815
0.000246342
0.000305809
0.000378437
0.000466843
0.000574093
0.000703766
0.000860024
0.00104768
0.0012723
0.00154024
0.00185879
0.00223622
0.00268191
0.00320644
0.00382164
0.00454076
0.0053785
0.00635113
0.00747653
0.00877428
0.0102657
0.0119738
0.0139235
0.0161414
0.0186557
0.0214964
0.0246949
0.0282839
0.0322975
0.0367704
0.0417384
0.0472371
0.0533027
0.0599706
0.0672755
0.0752508
0.0839284
0.0933375
0.103505
0.114454
0.126205
0.138773
0.152167
0.166395
0.181456
0.197343
0.214045
0.231542
0.24981
0.268818
0.288526
0.308891
0.329861
0.351381
0.373389
0.395819
0.418599
0.441656
0.464913
0.488291
0.511709
0.535087
0.558344
0.581401
0.604181
0.626611
0.648619
0.670139
0.691109
0.711474
0.731182
0.750189
0.768458
0.785955
0.802657
0.818544
0.833604
0.847832
0.861226
0.873794
0.885544
0.896493
0.90666
0.916068
0.924744
0.932718
0.940021
0.946686
0.952748
0.958243
0.963206
0.967672
0.971677
0.975256
0.978441
0.981265
0.983758
0.98595
0.987868
0.989537
0.990979
0.992218
0.99327
0.994155
0.994885
0.995475
0.995934
0.99627
0.996491
0.996601
0.996601
0.996491
0.99627
0.995934
0.995475
0.994885
0.994155
0.99327
0.992218
0.990979
0.989537
0.987868
0.98595
0.983758
0.981265
0.978441
0.975256
0.971677
0.967672
0.963206
0.958243
0.952748
0.946686
0.940021
0.932718
0.924744
0.916068
0.90666
0.896493
0.885544
0.873794
0.861226
0.847832
0.833604
0.818544
0.802657
0.785955
0.768458
0.750189
0.731182
0.711474
0.691109
0.670139
0.648619
0.626611
0.604181
0.581401
0.558344
0.535087
0.511709
0.488291
0.464913
0.441656
0.418599
0.395819
0.373389
0.351381
0.329861
0.308891
0.288526
0.268818
0.24981
0.231542
0.214045
0.197343
0.181456
0.166395
0.152167
0.138773
0.126205
0.114454
0.103505
0.0933375
0.0839284
0.0752508
0.0672755
0.0599706
0.0533027
0.0472371
0.0417384
0.0367704
0.0322975
0.0282839
0.0246949
0.0214964
0.0186557
0.0161414
0.0139235
0.0119738
0.0102657
0.00877428
0.00747653
0.00635113
0.0053785
0.00454076
0.00382164
0.00320644
0.00268191
0.00223622
0.00185879
0.00154024
0.0012723
0.00104768
0.000860024
0.000703766
0.000574093
0.000466843
0.000378437
0.000305809
0.000246342
0.000197815
0.000158347
0.000126355
0.000100509
7.96974e-05
6.29962e-05
4.96379e-05
3.89889e-05
3.05279e-05
2.38276e-05
1.85393e-05
1.43792e-05
1.11175e-05
8.56852e-06
6.58316e-06
5.04188e-06
3.84929e-06
2.92954e-06
2.22254e-06
1.68085e-06
1.26719e-06
9.5233e-07
7.13454e-07
5.32817e-07
3.96667e-07
2.9438e-07
2.17785e-07
1.60614e-07
1.18081e-07
8.65393e-08
6.32248e-08
4.60472e-08
3.34319e-08
2.41971e-08
1.74586e-08
1.25574e-08
9.00408e-09
6.43616e-09
4.58631e-09
3.258e-09
2.30723e-09
1.62886e-09
1.14639e-09
8.04336e-10
5.62601e-10
3.92304e-10
2.72713e-10
1.88995e-10
1.30575e-10
8.99361e-11
6.17555e-11
4.22752e-11
2.88514e-11
1.96299e-11
1.33151e-11
9.00424e-12
6.07052e-12
4.08022e-12
2.73414e-12
1.82659e-12
1.2166e-12
8.07862e-13
5.3483e-13
3.53007e-13
2.32297e-13
1.52404e-13
9.96885e-14
6.50115e-14
4.22703e-14
2.74019e-14
1.77104e-14
1.14126e-14
7.33236e-15
4.69692e-15
2.99981e-15
1.91024e-15
1.21282e-15
7.67754e-16
4.84581e-16
3.04953e-16
1.91347e-16
1.19712e-16
7.46756e-17
4.64462e-17
2.8804e-17
1.78111e-17
1.09815e-17
6.75109e-18
4.13833e-18
2.52941e-18
1.54155e-18
9.36789e-19
5.67643e-19
3.42973e-19
2.06632e-19
1.24134e-19
7.43607e-20
4.44175e-20
2.64562e-20
1.57132e-20
9.30615e-21
5.49596e-21
3.23659e-21
1.90067e-21
1.11301e-21
6.49936e-22
3.78462e-22
2.19764e-22
1.27255e-22
7.34819e-23
4.23132e-23
2.42975e-23
1.39137e-23
7.94546e-24
4.52474e-24
2.56963e-24
1.45529e-24
8.21927e-25
4.6294e-25
2.60032e-25
1.4566e-25
8.13711e-26
4.53332e-26
2.51873e-26
1.39562e-26
7.71222e-27
4.25027e-27
2.33605e-27
1.2805e-27
7.00017e-28
3.81658e-28
2.07529e-28
1.12544e-28
6.08707e-29
3.28352e-29
1.76652e-29
9.47864e-30
5.07255e-30
2.70745e-30
1.44129e-30
7.65248e-31
4.05241e-31
2.14037e-31
1.12753e-31
5.92432e-32
3.10469e-32
1.62282e-32
8.46058e-33
4.39953e-33
2.28187e-33
1.18048e-33
6.09134e-34
3.13511e-34
1.60947e-34
8.24143e-35
4.20937e-35
2.14451e-35
1.08978e-35
5.52393e-36
2.79294e-36
1.40858e-36
7.08611e-37
3.55587e-37
1.7799e-37
8.88709e-38
4.4263e-38
2.19908e-38
1.08984e-38
5.3878e-39
2.65695e-39
1.30703e-39
6.41383e-40
3.13966e-40
1.53315e-40
7.46831e-41
3.62912e-41
1.75923e-41
8.50721e-42
4.10392e-42
1.97497e-42
9.48141e-43
4.54087e-43
2.16951e-43
1.03405e-43
4.91679e-44
2.3323e-44
1.1037e-44
5.21059e-45
2.45409e-45
1.1531e-45
5.40525e-46
2.52779e-46
1.17936e-46
5.48946e-47
2.54915e-47
1.18099e-47
5.45866e-48
2.51718e-48
1.15807e-48
5.31553e-49
2.4342e-49
1.11215e-49
5.06955e-50
2.30557e-50
1.04615e-50
4.73602e-51
2.13916e-51
9.64015e-52
4.33449e-52
1.9445e-52
8.7035e-53
3.88687e-53
1.73192e-53
7.69983e-54
3.41554e-54
1.5117e-54
6.67579e-55
2.94152e-55
1.29323e-55
5.67304e-56
2.4831e-56
1.08446e-56
4.72583e-57
2.05488e-57
8.9154e-58
3.85963e-58
1.66725e-58
7.18638e-59
3.09082e-59
1.32647e-59
5.68038e-60
2.42729e-60
1.03497e-60
4.40352e-61
1.86956e-61
7.92045e-62
3.34836e-62
1.4125e-62
5.94592e-63
2.49763e-63
1.04693e-63
4.37914e-64
1.82786e-64
7.6135e-65
3.16456e-65
1.3126e-65
5.43303e-66
2.24412e-66
9.25009e-67
3.8049e-67
1.56186e-67
6.39795e-68
2.61543e-68
1.06697e-68
4.34378e-69
1.76479e-69
7.15533e-70
2.89521e-70
1.16908e-70
4.71116e-71
1.89465e-71
7.60418e-72
3.04578e-72
1.2175e-72
4.85697e-73
1.93371e-73
7.68329e-74
3.04674e-74
1.20575e-74
4.76231e-75
1.87722e-75
7.38501e-76
2.89954e-76
1.13619e-76
4.44343e-77
1.73434e-77
6.75611e-78
2.6267e-78
1.01924e-78
3.9473e-79
1.52573e-79
5.88592e-80
2.26626e-80
8.709e-81
3.34034e-81
1.27872e-81
4.88575e-82
1.86318e-82
7.09166e-83
2.6941e-83
1.02154e-83
3.86609e-84
1.46038e-84
5.50605e-85
2.07203e-85
7.78276e-86
2.91781e-86
1.09186e-86
4.07816e-87
1.52038e-87
5.65758e-88
2.10138e-88
7.79062e-89
2.88295e-89
1.06488e-89
3.92612e-90
1.44487e-90
5.3076e-91
1.94613e-91
7.12286e-92
2.60222e-92
9.48953e-93
3.45428e-93
1.25511e-93
4.55223e-94
1.6481e-94
5.95606e-95
2.1486e-95
7.73705e-96
2.78111e-96
9.97896e-97
3.57421e-97
1.27792e-97
4.56095e-98
1.62495e-98
5.77905e-99
2.05168e-99
7.27106e-100
2.57232e-100
9.08428e-101
3.20256e-101
1.12706e-101
3.95952e-102
1.38862e-102
4.8615e-103
1.69906e-103
5.92782e-104
2.06459e-104
7.1784e-105
2.49159e-105
8.63338e-106
2.98638e-106
1.03126e-106
3.5551e-107
1.22349e-107
4.2035e-108
1.44175e-108
4.93667e-109
1.68752e-109
5.7588e-110
1.96195e-110
6.67295e-111
2.2658e-111
7.68074e-112
2.59933e-112
8.78212e-113
2.96222e-113
9.97514e-114
3.35354e-114
1.12557e-114
3.77163e-115
1.26175e-115
4.21413e-116
1.40518e-116
4.67789e-117
1.55475e-117
5.15902e-118
1.70911e-118
5.65289e-119
1.86669e-119
6.15421e-120
2.0257e-120
6.65707e-121
2.18422e-121
7.15509e-122
2.34014e-122
7.64149e-123
2.49129e-123
8.1093e-124
2.63546e-124
8.55151e-125
2.77042e-125
8.96122e-126
2.89406e-126
9.33187e-127
3.00445e-127
9.66078e-128
3.11058e-128
1.02821e-128
4.27523e-129
)
;

boundaryField
{
    sides
    {
        type            zeroGradient;
    }
    empty
    {
        type            empty;
    }
}


// ************************************************************************* //
