/*--------------------------------*- C++ -*----------------------------------*\
| =========                 |                                                 |
| \\      /  F ield         | OpenFOAM: The Open Source CFD Toolbox           |
|  \\    /   O peration     | Version:  2312                                  |
|   \\  /    A nd           | Website:  www.openfoam.com                      |
|    \\/     M anipulation  |                                                 |
\*---------------------------------------------------------------------------*/
FoamFile
{
    version     2.0;
    format      ascii;
    arch        "LSB;label=32;scalar=64";
    class       volScalarField;
    location    "0.6";
    object      T;
}
// * * * * * * * * * * * * * * * * * * * * * * * * * * * * * * * * * * * * * //

dimensions      [0 0 0 1 0 0 0];

internalField   nonuniform List<scalar> 
1000
(
0
0
0
0
0
0
0
0
0
0
0
0
0
0
0
0
0
0
0
0
0
0
0
0
0
0
0
0
0
0
0
0
0
0
0
0
0
0
0
0
0
0
0
0
0
0
0
0
0
0
0
0
0
0
0
0
0
0
0
0
0
0
0
0
0
0
0
0
0
0
0
0
0
0
0
0
0
0
0
0
0
0
0
0
0
0
0
0
0
0
0
0
0
0
0
0
0
0
0
0
0
0
0
0
0
0
0
0
0
0
0
0
0
0
0
0
0
0
0
0
0
0
0
0
0
0
0
0
0
0
0
0
0
0
0
0
0
0
0
0
0
0
0
0
0
0
0
0
0
0
0
0
0
0
0
0
0
0
0
0
0
0
0
0
0
0
0
0
0
0
0
0
0
0
0
0
0
0
0
0
0
0
0
0
0
0
0
0
0
0
0
0
0
0
0
0
0
0
0
0
0
0
0
0
0
0
0
0
0
0
0
0
0
0
0
0
0
0
0
0
0
0
0
0
0
0
0
0
0
0
0
0
0
0
0
0
0
0
0
0
0
0
0
0
0
0
0
0
0
0
0
0
0
0
0
0
0
0
0
0
0
0
0
0
0
0
0
0
0
0
0
0
0
0
0
0
0
0
0
0
0
0
0
0
0
0
0
0
0
0
0
0
0
0
0
0
6.42285e-323
2.19662e-320
6.40465e-318
1.85559e-315
5.34784e-313
1.53309e-310
4.37154e-308
1.23982e-305
3.49717e-303
9.81059e-301
2.73698e-298
7.59324e-296
2.09479e-293
5.74637e-291
1.56734e-288
4.2504e-286
1.14596e-283
3.07161e-281
8.18448e-279
2.16784e-276
5.70752e-274
1.49359e-271
3.88469e-269
1.00415e-266
2.57947e-264
6.58462e-262
1.67022e-259
4.20954e-257
1.05411e-254
2.62244e-252
6.48131e-250
1.59123e-247
3.88049e-245
9.39935e-243
2.26119e-240
5.40228e-238
1.2817e-235
3.01952e-233
7.06316e-231
1.64036e-228
3.78206e-226
8.65631e-224
1.96662e-221
4.43465e-219
9.92462e-217
2.2042e-214
4.85775e-212
1.06226e-209
2.30463e-207
4.96034e-205
1.05906e-202
2.24281e-200
4.7107e-198
9.81209e-196
2.02665e-193
4.15047e-191
8.427e-189
1.69614e-186
3.38393e-184
6.69122e-182
1.31119e-179
2.54601e-177
4.8982e-175
9.33567e-173
1.76254e-170
3.29581e-168
6.10332e-166
1.11917e-163
2.03186e-161
3.65178e-159
6.4964e-157
1.14377e-154
1.99268e-152
3.43488e-150
5.85728e-148
9.87929e-146
1.64791e-143
2.71801e-141
4.43208e-139
7.14383e-137
1.13801e-134
1.79135e-132
2.78581e-130
4.27937e-128
6.49207e-126
9.72472e-124
1.43805e-121
2.09885e-119
3.02279e-117
4.29495e-115
6.01912e-113
8.31823e-111
1.13331e-108
1.52186e-106
2.01371e-104
2.62484e-102
3.36955e-100
4.25873e-98
5.29784e-96
6.4848e-94
7.80792e-92
9.24427e-90
1.07587e-87
1.2304e-85
1.3822e-83
1.52464e-81
1.65068e-79
1.7534e-77
1.82655e-75
1.86517e-73
1.86612e-71
1.82844e-69
1.75357e-67
1.64523e-65
1.50921e-63
1.35281e-61
1.18418e-59
1.01159e-57
8.42763e-56
6.84225e-54
5.40945e-52
4.16118e-50
3.11182e-48
2.26022e-46
1.59296e-44
1.08824e-42
7.19831e-41
4.6048e-39
2.84521e-37
1.6957e-35
9.73361e-34
5.3728e-32
2.84695e-30
1.44543e-28
7.01711e-27
3.25004e-25
1.43255e-23
5.99282e-22
2.37204e-20
8.85317e-19
3.10371e-17
1.01757e-15
3.10432e-14
8.76106e-13
2.27184e-11
5.36929e-10
1.14537e-08
2.17906e-07
3.64218e-06
5.24555e-05
0.00063424
0.00620667
0.0465328
0.244161
0.755839
0.953467
0.993793
0.999366
0.999948
0.999996
1
1
1
1
1
1
1
1
1
1
1
1
1
1
1
1
1
1
1
1
1
1
1
1
1
1
1
1
1
1
1
1
1
1
1
1
1
1
1
1
1
1
1
1
1
1
1
1
1
1
1
1
1
1
1
1
1
1
1
1
1
1
1
1
1
1
1
1
1
1
1
1
1
1
1
1
1
1
1
1
1
1
1
1
1
1
1
1
0.999996
0.999948
0.999366
0.993793
0.953467
0.755839
0.244161
0.0465328
0.00620667
0.00063424
5.24555e-05
3.64218e-06
2.17906e-07
1.14537e-08
5.36929e-10
2.27184e-11
8.76106e-13
3.10432e-14
1.01757e-15
3.10371e-17
8.85317e-19
2.37204e-20
5.99282e-22
1.43255e-23
3.25004e-25
7.01711e-27
1.44543e-28
2.84695e-30
5.3728e-32
9.73361e-34
1.6957e-35
2.84521e-37
4.6048e-39
7.19831e-41
1.08824e-42
1.59296e-44
2.26022e-46
3.11182e-48
4.16118e-50
5.40945e-52
6.84225e-54
8.42763e-56
1.01159e-57
1.18418e-59
1.35281e-61
1.50921e-63
1.64523e-65
1.75357e-67
1.82844e-69
1.86612e-71
1.86517e-73
1.82655e-75
1.7534e-77
1.65068e-79
1.52464e-81
1.3822e-83
1.2304e-85
1.07587e-87
9.24427e-90
7.80792e-92
6.4848e-94
5.29784e-96
4.25873e-98
3.36955e-100
2.62484e-102
2.01371e-104
1.52186e-106
1.13331e-108
8.31823e-111
6.01912e-113
4.29495e-115
3.02279e-117
2.09885e-119
1.43805e-121
9.72472e-124
6.49207e-126
4.27937e-128
2.78581e-130
1.79135e-132
1.13801e-134
7.14383e-137
4.43208e-139
2.71801e-141
1.64791e-143
9.87929e-146
5.85728e-148
3.43488e-150
1.99268e-152
1.14377e-154
6.4964e-157
3.65178e-159
2.03186e-161
1.11917e-163
6.10332e-166
3.29581e-168
1.76254e-170
9.33567e-173
4.8982e-175
2.54601e-177
1.31119e-179
6.69122e-182
3.38393e-184
1.69614e-186
8.427e-189
4.15047e-191
2.02665e-193
9.81209e-196
4.7107e-198
2.24281e-200
1.05906e-202
4.96034e-205
2.30463e-207
1.06226e-209
4.85775e-212
2.2042e-214
9.92462e-217
4.43465e-219
1.96662e-221
8.65631e-224
3.78206e-226
1.64036e-228
7.06316e-231
3.01952e-233
1.2817e-235
5.40228e-238
2.26119e-240
9.39935e-243
3.88049e-245
1.59123e-247
6.48131e-250
2.62244e-252
1.05411e-254
4.20954e-257
1.67022e-259
6.58462e-262
2.57947e-264
1.00415e-266
3.88469e-269
1.49359e-271
5.70752e-274
2.16784e-276
8.18448e-279
3.07161e-281
1.14596e-283
4.2504e-286
1.56734e-288
5.74637e-291
2.09479e-293
7.59324e-296
2.73698e-298
9.81059e-301
3.49717e-303
1.23982e-305
4.37154e-308
1.53309e-310
5.34784e-313
1.85559e-315
6.40466e-318
2.19662e-320
6.42285e-323
0
0
0
0
0
0
0
0
0
0
0
0
0
0
0
0
0
0
0
0
0
0
0
0
0
0
0
0
0
0
0
0
0
0
0
0
0
0
0
0
0
0
0
0
0
0
0
0
0
0
0
0
0
0
0
0
0
0
0
0
0
0
0
0
0
0
0
0
0
0
0
0
0
0
0
0
0
0
0
0
0
0
0
0
0
0
0
0
0
0
0
0
0
0
0
0
0
0
0
0
0
0
0
0
0
0
0
0
0
0
0
0
0
0
0
0
0
0
0
0
0
0
0
0
0
0
0
0
0
0
0
0
0
0
0
0
0
0
0
0
0
0
0
0
0
0
0
0
0
0
0
0
0
0
0
0
0
0
0
0
0
0
0
0
0
0
0
0
0
0
0
0
0
0
0
0
0
0
0
0
0
0
0
0
0
0
0
0
0
0
0
0
0
0
0
0
0
0
0
0
0
0
0
0
0
0
0
0
0
0
0
0
0
0
0
0
0
0
0
0
0
0
0
0
0
0
0
0
0
0
0
0
0
0
0
0
0
0
0
0
0
0
0
0
0
0
0
0
0
0
0
0
0
0
0
0
0
0
0
0
0
0
0
0
0
0
0
0
0
0
0
0
0
0
0
0
0
0
0
0
0
0
0
0
0
0
0
0
0
0
0
0
0
0
0
0
)
;

boundaryField
{
    sides
    {
        type            zeroGradient;
    }
    empty
    {
        type            empty;
    }
}


// ************************************************************************* //
