/*--------------------------------*- C++ -*----------------------------------*\
| =========                 |                                                 |
| \\      /  F ield         | OpenFOAM: The Open Source CFD Toolbox           |
|  \\    /   O peration     | Version:  2312                                  |
|   \\  /    A nd           | Website:  www.openfoam.com                      |
|    \\/     M anipulation  |                                                 |
\*---------------------------------------------------------------------------*/
FoamFile
{
    version     2.0;
    format      ascii;
    arch        "LSB;label=32;scalar=64";
    class       volScalarField;
    location    "2.8";
    object      T;
}
// * * * * * * * * * * * * * * * * * * * * * * * * * * * * * * * * * * * * * //

dimensions      [0 0 0 1 0 0 0];

internalField   nonuniform List<scalar> 
1000
(
3.24225e-107
6.4785e-107
1.63454e-106
4.28801e-106
1.12991e-105
2.97545e-105
7.82462e-105
2.05462e-104
5.387e-104
1.41029e-103
3.68654e-103
9.62216e-103
2.50767e-102
6.52544e-102
1.69548e-101
4.39859e-101
1.13939e-100
2.94695e-100
7.61042e-100
1.96237e-99
5.05227e-99
1.29875e-98
3.33348e-98
8.54283e-98
2.18593e-97
5.58468e-97
1.42459e-96
3.62833e-96
9.22676e-96
2.3427e-95
5.93892e-95
1.50321e-94
3.79887e-94
9.58534e-94
2.41479e-93
6.07393e-93
1.52537e-92
3.8247e-92
9.57486e-92
2.39321e-91
5.97229e-91
1.48803e-90
3.70161e-90
9.19345e-90
2.27968e-89
5.64383e-89
1.39502e-88
3.44261e-88
8.482e-88
2.08646e-87
5.12415e-87
1.25641e-86
3.07567e-86
7.51697e-86
1.83418e-85
4.46821e-85
1.08672e-84
2.63873e-84
6.39679e-84
1.54817e-83
3.74077e-83
9.02382e-83
2.17323e-82
5.22522e-82
1.25426e-81
3.00573e-81
7.19106e-81
1.71758e-80
4.09559e-80
9.74975e-80
2.31711e-79
5.4976e-79
1.30218e-78
3.07924e-78
7.26918e-78
1.71315e-77
4.03064e-77
9.46715e-77
2.21988e-76
5.19642e-76
1.21434e-75
2.83296e-75
6.5978e-75
1.53397e-74
3.56035e-74
8.24945e-74
1.90815e-73
4.40609e-73
1.01566e-72
2.33718e-72
5.36892e-72
1.23121e-71
2.81852e-71
6.44108e-71
1.4694e-70
3.34631e-70
7.60736e-70
1.7264e-69
3.91102e-69
8.84457e-69
1.99664e-68
4.49945e-68
1.01217e-67
2.27289e-67
5.09491e-67
1.14005e-66
2.54649e-66
5.6779e-66
1.26374e-65
2.80773e-65
6.22696e-65
1.37854e-64
3.04637e-64
6.71994e-64
1.47968e-63
3.25227e-63
7.13543e-63
1.56268e-62
3.4161e-62
7.45425e-62
1.62363e-61
3.53004e-61
7.6609e-61
1.65953e-60
3.58837e-60
7.74482e-60
1.66851e-59
3.58794e-59
7.70125e-59
1.64997e-58
3.52847e-58
7.53171e-58
1.6047e-57
3.41261e-57
7.24386e-57
1.53477e-56
3.24567e-56
6.85099e-56
1.4434e-55
3.03533e-55
6.37099e-55
1.33472e-54
2.79095e-54
5.82496e-54
1.21342e-53
2.52293e-53
5.23568e-53
1.08446e-52
2.24196e-52
4.62605e-52
9.52712e-52
1.95831e-51
4.01759e-51
8.22649e-51
1.68123e-50
3.42927e-50
6.98129e-50
1.4185e-49
2.8766e-49
5.82218e-49
1.17611e-48
2.37116e-48
4.7712e-48
9.58173e-48
1.92048e-47
3.84168e-47
7.66973e-47
1.52821e-46
3.03899e-46
6.03139e-46
1.19466e-45
2.36163e-45
4.65926e-45
9.17397e-45
1.80274e-44
3.53541e-44
6.91958e-44
1.3516e-43
2.6348e-43
5.12595e-43
9.95235e-43
1.92842e-42
3.72907e-42
7.1965e-42
1.386e-41
2.66392e-41
5.10972e-41
9.78114e-41
1.86851e-40
3.56217e-40
6.77712e-40
1.28672e-39
2.438e-39
4.60989e-39
8.69865e-39
1.63801e-38
3.07812e-38
5.77238e-38
1.08025e-37
2.0174e-37
3.75972e-37
6.99221e-37
1.29768e-36
2.40333e-36
4.44171e-36
8.19176e-36
1.50762e-35
2.76881e-35
5.07433e-35
9.28002e-35
1.69356e-34
3.08414e-34
5.60462e-34
1.01634e-33
1.83909e-33
3.32082e-33
5.98358e-33
1.07584e-32
1.93022e-32
3.45568e-32
6.17346e-32
1.1005e-31
1.95757e-31
3.47461e-31
6.154e-31
1.0876e-30
1.91797e-30
3.37497e-30
5.9259e-30
1.03823e-29
1.81504e-29
3.16616e-29
5.51097e-29
9.57132e-29
1.65869e-28
2.86815e-28
4.94863e-28
8.51944e-28
1.46345e-27
2.50835e-27
4.28978e-27
7.32015e-27
1.24635e-26
2.11737e-26
3.58911e-26
6.07026e-26
1.02438e-25
1.72481e-25
2.89767e-25
4.85717e-25
8.1235e-25
1.35558e-24
2.257e-24
3.74937e-24
6.21446e-24
1.0277e-23
1.69569e-23
2.79153e-23
4.58513e-23
7.51403e-23
1.22859e-22
2.00423e-22
3.26211e-22
5.29731e-22
8.5826e-22
1.38735e-21
2.23747e-21
3.60022e-21
5.77964e-21
9.25704e-21
1.47925e-20
2.35834e-20
3.75116e-20
5.95278e-20
9.42466e-20
1.48868e-19
2.34601e-19
3.68845e-19
5.78557e-19
9.05387e-19
1.41354e-18
2.20172e-18
3.42137e-18
5.30419e-18
8.20383e-18
1.26588e-17
1.9487e-17
2.99278e-17
4.58541e-17
7.00898e-17
1.06882e-16
1.62601e-16
2.46781e-16
3.73654e-16
5.64409e-16
8.5052e-16
1.27862e-15
1.91761e-15
2.86907e-15
4.28237e-15
6.37658e-15
9.47218e-15
1.40369e-14
2.07514e-14
3.06041e-14
4.50264e-14
6.60858e-14
9.67612e-14
1.41334e-13
2.0594e-13
2.99354e-13
4.34087e-13
6.27936e-13
9.06151e-13
1.30446e-12
1.87329e-12
2.68363e-12
3.83514e-12
5.46741e-12
7.77539e-12
1.10307e-11
1.56106e-11
2.20381e-11
3.1036e-11
4.36006e-11
6.11017e-11
8.54177e-11
1.19118e-10
1.65705e-10
2.29946e-10
3.18307e-10
4.39539e-10
6.05447e-10
8.31923e-10
1.14029e-09
1.55911e-09
2.12649e-09
2.89317e-09
3.92653e-09
5.31579e-09
7.17876e-09
9.67059e-09
1.29951e-08
1.7419e-08
2.32911e-08
3.10654e-08
4.13316e-08
5.48538e-08
7.26188e-08
9.58979e-08
1.26324e-07
1.65989e-07
2.17566e-07
2.84457e-07
3.70987e-07
4.82631e-07
6.26307e-07
8.10725e-07
1.04682e-06
1.34831e-06
1.73227e-06
2.22003e-06
2.83801e-06
3.61895e-06
4.60324e-06
5.84062e-06
7.39208e-06
9.33227e-06
1.17522e-05
1.47628e-05
1.84981e-05
2.31207e-05
2.88262e-05
3.58498e-05
4.44735e-05
5.50337e-05
6.79316e-05
8.36428e-05
0.000102731
0.00012586
0.000153813
0.000187506
0.000228009
0.000276572
0.000334644
0.000403903
0.000486285
0.000584017
0.000699652
0.000836107
0.000996702
0.00118521
0.00140588
0.00166353
0.00196355
0.00231197
0.00271553
0.00318171
0.00371878
0.00433588
0.00504304
0.00585123
0.00677243
0.00781962
0.00900686
0.0103493
0.011863
0.0135655
0.0154751
0.0176112
0.0199942
0.0226457
0.0255879
0.028844
0.0324376
0.0363933
0.0407357
0.0454897
0.0506806
0.056333
0.0624716
0.0691201
0.0763015
0.0840377
0.0923489
0.101254
0.11077
0.12091
0.131687
0.14311
0.155185
0.167915
0.181299
0.195332
0.210006
0.225309
0.241225
0.257734
0.274811
0.292429
0.310555
0.329153
0.348185
0.367607
0.387375
0.407439
0.427749
0.448252
0.468895
0.489622
0.510377
0.531104
0.551747
0.572251
0.592561
0.612625
0.632392
0.651814
0.670845
0.689444
0.707569
0.725186
0.742263
0.758771
0.774686
0.789988
0.804661
0.818692
0.832073
0.8448
0.856871
0.86829
0.879061
0.889195
0.898702
0.907596
0.915894
0.923615
0.930777
0.937403
0.943513
0.949132
0.954282
0.958988
0.963272
0.967158
0.97067
0.973828
0.976655
0.97917
0.981392
0.98334
0.985029
0.986473
0.987687
0.988681
0.989465
0.990046
0.99043
0.990621
0.990621
0.99043
0.990046
0.989465
0.988681
0.987687
0.986473
0.985029
0.98334
0.981392
0.97917
0.976655
0.973828
0.97067
0.967158
0.963272
0.958988
0.954282
0.949132
0.943513
0.937403
0.930777
0.923615
0.915894
0.907596
0.898702
0.889195
0.879061
0.86829
0.856871
0.8448
0.832073
0.818692
0.804661
0.789988
0.774686
0.758771
0.742263
0.725186
0.707569
0.689444
0.670845
0.651814
0.632392
0.612625
0.592561
0.572251
0.551747
0.531104
0.510377
0.489622
0.468895
0.448252
0.427749
0.407439
0.387375
0.367607
0.348185
0.329153
0.310555
0.292429
0.274811
0.257734
0.241225
0.225309
0.210006
0.195332
0.181299
0.167915
0.155185
0.14311
0.131687
0.12091
0.11077
0.101254
0.0923489
0.0840377
0.0763015
0.0691201
0.0624716
0.056333
0.0506806
0.0454897
0.0407357
0.0363933
0.0324376
0.028844
0.0255879
0.0226457
0.0199942
0.0176112
0.0154751
0.0135655
0.011863
0.0103493
0.00900686
0.00781962
0.00677243
0.00585123
0.00504304
0.00433588
0.00371878
0.00318171
0.00271553
0.00231197
0.00196355
0.00166353
0.00140588
0.00118521
0.000996702
0.000836107
0.000699652
0.000584017
0.000486285
0.000403903
0.000334644
0.000276572
0.000228009
0.000187506
0.000153813
0.00012586
0.000102731
8.36428e-05
6.79316e-05
5.50337e-05
4.44735e-05
3.58498e-05
2.88262e-05
2.31207e-05
1.84981e-05
1.47628e-05
1.17522e-05
9.33227e-06
7.39208e-06
5.84062e-06
4.60324e-06
3.61895e-06
2.83801e-06
2.22003e-06
1.73227e-06
1.34831e-06
1.04682e-06
8.10725e-07
6.26307e-07
4.82631e-07
3.70987e-07
2.84457e-07
2.17566e-07
1.65989e-07
1.26324e-07
9.58979e-08
7.26188e-08
5.48538e-08
4.13316e-08
3.10654e-08
2.32911e-08
1.7419e-08
1.29951e-08
9.67059e-09
7.17876e-09
5.31579e-09
3.92653e-09
2.89317e-09
2.12649e-09
1.55911e-09
1.14029e-09
8.31923e-10
6.05447e-10
4.39539e-10
3.18307e-10
2.29946e-10
1.65705e-10
1.19118e-10
8.54177e-11
6.11017e-11
4.36006e-11
3.1036e-11
2.20381e-11
1.56106e-11
1.10307e-11
7.77539e-12
5.46741e-12
3.83514e-12
2.68363e-12
1.87329e-12
1.30446e-12
9.06151e-13
6.27936e-13
4.34087e-13
2.99354e-13
2.0594e-13
1.41334e-13
9.67612e-14
6.60858e-14
4.50264e-14
3.06041e-14
2.07514e-14
1.40369e-14
9.47218e-15
6.37658e-15
4.28237e-15
2.86907e-15
1.91761e-15
1.27862e-15
8.5052e-16
5.64409e-16
3.73654e-16
2.46781e-16
1.62601e-16
1.06882e-16
7.00898e-17
4.58541e-17
2.99278e-17
1.9487e-17
1.26588e-17
8.20383e-18
5.30419e-18
3.42137e-18
2.20172e-18
1.41354e-18
9.05387e-19
5.78557e-19
3.68845e-19
2.34601e-19
1.48868e-19
9.42466e-20
5.95278e-20
3.75116e-20
2.35834e-20
1.47925e-20
9.25704e-21
5.77964e-21
3.60022e-21
2.23747e-21
1.38735e-21
8.5826e-22
5.29731e-22
3.26211e-22
2.00423e-22
1.22859e-22
7.51403e-23
4.58513e-23
2.79153e-23
1.69569e-23
1.0277e-23
6.21446e-24
3.74937e-24
2.257e-24
1.35558e-24
8.1235e-25
4.85717e-25
2.89767e-25
1.72481e-25
1.02438e-25
6.07026e-26
3.58911e-26
2.11737e-26
1.24635e-26
7.32015e-27
4.28978e-27
2.50835e-27
1.46345e-27
8.51944e-28
4.94863e-28
2.86815e-28
1.65869e-28
9.57132e-29
5.51097e-29
3.16616e-29
1.81504e-29
1.03823e-29
5.9259e-30
3.37497e-30
1.91797e-30
1.0876e-30
6.154e-31
3.47461e-31
1.95757e-31
1.1005e-31
6.17346e-32
3.45568e-32
1.93022e-32
1.07584e-32
5.98358e-33
3.32082e-33
1.83909e-33
1.01634e-33
5.60462e-34
3.08414e-34
1.69356e-34
9.28002e-35
5.07433e-35
2.76881e-35
1.50762e-35
8.19176e-36
4.44171e-36
2.40333e-36
1.29768e-36
6.99221e-37
3.75972e-37
2.0174e-37
1.08025e-37
5.77238e-38
3.07812e-38
1.63801e-38
8.69865e-39
4.60989e-39
2.438e-39
1.28672e-39
6.77712e-40
3.56217e-40
1.86851e-40
9.78114e-41
5.10972e-41
2.66392e-41
1.386e-41
7.1965e-42
3.72907e-42
1.92842e-42
9.95235e-43
5.12595e-43
2.6348e-43
1.3516e-43
6.91958e-44
3.53541e-44
1.80274e-44
9.17397e-45
4.65926e-45
2.36163e-45
1.19466e-45
6.03139e-46
3.03899e-46
1.52821e-46
7.66973e-47
3.84168e-47
1.92048e-47
9.58173e-48
4.7712e-48
2.37116e-48
1.17611e-48
5.82218e-49
2.8766e-49
1.4185e-49
6.98129e-50
3.42927e-50
1.68123e-50
8.22649e-51
4.01759e-51
1.95831e-51
9.52712e-52
4.62605e-52
2.24196e-52
1.08446e-52
5.23568e-53
2.52293e-53
1.21342e-53
5.82496e-54
2.79095e-54
1.33472e-54
6.37099e-55
3.03533e-55
1.4434e-55
6.85099e-56
3.24567e-56
1.53477e-56
7.24386e-57
3.41261e-57
1.6047e-57
7.53171e-58
3.52847e-58
1.64997e-58
7.70125e-59
3.58794e-59
1.66851e-59
7.74482e-60
3.58837e-60
1.65953e-60
7.6609e-61
3.53004e-61
1.62363e-61
7.45425e-62
3.4161e-62
1.56268e-62
7.13543e-63
3.25227e-63
1.47968e-63
6.71994e-64
3.04637e-64
1.37854e-64
6.22696e-65
2.80773e-65
1.26374e-65
5.6779e-66
2.54649e-66
1.14005e-66
5.09491e-67
2.27289e-67
1.01217e-67
4.49945e-68
1.99664e-68
8.84457e-69
3.91102e-69
1.7264e-69
7.60736e-70
3.34631e-70
1.4694e-70
6.44108e-71
2.81852e-71
1.23121e-71
5.36892e-72
2.33718e-72
1.01566e-72
4.40609e-73
1.90815e-73
8.24945e-74
3.56035e-74
1.53397e-74
6.5978e-75
2.83296e-75
1.21434e-75
5.19642e-76
2.21988e-76
9.46715e-77
4.03064e-77
1.71315e-77
7.26918e-78
3.07924e-78
1.30218e-78
5.4976e-79
2.31711e-79
9.74975e-80
4.09559e-80
1.71758e-80
7.19106e-81
3.00573e-81
1.25426e-81
5.22522e-82
2.17323e-82
9.02382e-83
3.74077e-83
1.54817e-83
6.39679e-84
2.63873e-84
1.08672e-84
4.46821e-85
1.83418e-85
7.51697e-86
3.07567e-86
1.25641e-86
5.12415e-87
2.08646e-87
8.482e-88
3.44261e-88
1.39502e-88
5.64383e-89
2.27968e-89
9.19345e-90
3.70161e-90
1.48803e-90
5.97229e-91
2.39321e-91
9.57486e-92
3.8247e-92
1.52537e-92
6.07393e-93
2.41479e-93
9.58534e-94
3.79887e-94
1.50321e-94
5.93892e-95
2.3427e-95
9.22676e-96
3.62833e-96
1.42459e-96
5.58468e-97
2.18593e-97
8.54283e-98
3.33348e-98
1.29875e-98
5.05227e-99
1.96237e-99
7.61042e-100
2.94695e-100
1.13939e-100
4.39859e-101
1.69548e-101
6.52544e-102
2.50767e-102
9.62216e-103
3.68654e-103
1.41029e-103
5.387e-104
2.05462e-104
7.82462e-105
2.97545e-105
1.12991e-105
4.28801e-106
1.63454e-106
6.4785e-107
3.24225e-107
)
;

boundaryField
{
    sides
    {
        type            zeroGradient;
    }
    empty
    {
        type            empty;
    }
}


// ************************************************************************* //
