/*--------------------------------*- C++ -*----------------------------------*\
| =========                 |                                                 |
| \\      /  F ield         | OpenFOAM: The Open Source CFD Toolbox           |
|  \\    /   O peration     | Version:  2312                                  |
|   \\  /    A nd           | Website:  www.openfoam.com                      |
|    \\/     M anipulation  |                                                 |
\*---------------------------------------------------------------------------*/
FoamFile
{
    version     2.0;
    format      ascii;
    arch        "LSB;label=32;scalar=64";
    class       volScalarField;
    location    "0.9";
    object      T;
}
// * * * * * * * * * * * * * * * * * * * * * * * * * * * * * * * * * * * * * //

dimensions      [0 0 0 1 0 0 0];

internalField   nonuniform List<scalar> 
1000
(
0
0
0
0
0
0
0
0
0
0
0
0
0
0
0
0
0
0
0
0
0
0
0
0
0
0
0
0
0
0
0
0
0
0
0
0
0
0
0
0
0
0
0
0
0
0
0
0
0
0
0
0
0
0
0
0
0
0
0
0
0
0
0
0
0
0
0
0
0
0
0
0
0
0
0
0
0
0
0
0
0
0
0
0
0
0
0
0
0
0
0
0
0
0
0
0
0
0
0
0
0
0
0
0
0
0
0
0
0
0
0
0
0
0
0
0
0
0
0
0
0
0
0
0
0
0
0
0
0
0
0
0
0
0
0
0
0
0
0
0
0
0
0
0
0
0
0
0
0
0
0
0
0
0
0
0
0
0
0
0
0
0
0
0
0
0
0
0
0
0
0
0
0
0
0
0
0
0
0
0
0
0
0
0
0
0
0
0
0
0
0
0
0
0
0
0
0
0
0
0
0
0
0
0
0
0
0
0
0
0
0
0
0
0
0
0
0
0
0
0
0
0
0
0
0
0
0
0
0
0
0
0
0
0
0
0
0
0
0
0
0
0
0
0
0
0
0
0
0
0
0
0
0
0
0
0
0
0
0
0
0
0
0
0
0
0
0
0
0
0
0
0
0
0
0
0
0
0
0
0
0
0
0
0
0
0
9.33784e-322
2.11282e-319
4.64288e-317
1.01478e-314
2.20638e-312
4.7719e-310
1.02657e-307
2.19664e-305
4.67501e-303
9.8956e-301
2.08315e-298
4.36115e-296
9.07958e-294
1.87973e-291
3.86965e-289
7.92094e-287
1.6121e-284
3.26209e-282
6.56253e-280
1.3125e-277
2.60949e-275
5.15733e-273
1.01317e-270
1.9784e-268
3.83964e-266
7.4062e-264
1.41973e-261
2.70457e-259
5.11979e-257
9.6304e-255
1.79991e-252
3.34233e-250
6.16618e-248
1.13012e-245
2.05757e-243
3.72117e-241
6.68454e-239
1.19264e-236
2.1133e-234
3.71882e-232
6.4985e-230
1.12761e-227
1.94272e-225
3.3231e-223
5.64324e-221
9.51339e-219
1.59197e-216
2.64422e-214
4.35905e-212
7.13158e-210
1.15784e-207
1.86529e-205
2.9816e-203
4.72847e-201
7.43923e-199
1.16101e-196
1.79725e-194
2.75937e-192
4.20149e-190
6.34384e-188
9.49767e-186
1.40981e-183
2.07463e-181
3.02635e-179
4.37575e-177
6.27048e-175
8.90472e-173
1.25304e-170
1.74701e-168
2.41302e-166
3.30154e-164
4.47419e-162
6.00491e-160
7.98072e-158
1.0502e-155
1.36817e-153
1.76441e-151
2.25212e-149
2.84486e-147
3.55593e-145
4.39751e-143
5.37978e-141
6.50976e-139
7.79013e-137
9.21808e-135
1.07842e-132
1.24714e-130
1.42546e-128
1.61006e-126
1.79678e-124
1.98082e-122
2.15683e-120
2.31912e-118
2.46202e-116
2.58009e-114
2.66851e-112
2.72335e-110
2.7419e-108
2.7228e-106
2.66627e-104
2.57403e-102
2.44931e-100
2.29662e-98
2.1215e-96
1.93014e-94
1.72907e-92
1.52474e-90
1.32316e-88
1.12962e-86
9.48477e-85
7.8299e-83
6.35297e-81
5.06456e-79
3.96548e-77
3.04846e-75
2.30001e-73
1.70243e-71
1.23572e-69
8.79216e-68
6.12912e-66
4.18431e-64
2.79615e-62
1.82804e-60
1.16859e-58
7.30042e-57
4.45435e-55
2.65279e-53
1.54106e-51
8.72637e-50
4.81316e-48
2.58391e-46
1.34903e-44
6.84366e-43
3.37042e-41
1.60985e-39
7.44976e-38
3.3364e-36
1.44437e-34
6.03666e-33
2.43242e-31
9.43556e-30
3.51801e-28
1.25857e-26
4.31223e-25
1.41214e-23
4.40997e-22
1.31009e-20
3.69228e-19
9.84223e-18
2.47299e-16
5.83474e-15
1.28707e-13
2.64124e-12
5.01353e-11
8.74376e-10
1.39004e-08
1.99523e-07
2.55592e-06
2.87995e-05
0.00028018
0.00229636
0.0153297
0.079382
0.295879
0.704121
0.920618
0.98467
0.997704
0.99972
0.999971
0.999997
1
1
1
1
1
1
1
1
1
1
1
1
1
1
1
1
1
1
1
1
1
1
1
1
1
1
1
1
1
1
1
1
1
1
1
1
1
1
1
1
1
1
1
1
1
1
1
1
1
1
1
1
1
1
1
1
1
1
1
1
1
1
1
1
1
1
1
1
1
1
1
1
1
1
1
1
1
1
1
1
1
1
1
1
1
1
0.999997
0.999971
0.99972
0.997704
0.98467
0.920618
0.704121
0.295879
0.079382
0.0153297
0.00229636
0.00028018
2.87995e-05
2.55592e-06
1.99523e-07
1.39004e-08
8.74376e-10
5.01353e-11
2.64124e-12
1.28707e-13
5.83474e-15
2.47299e-16
9.84223e-18
3.69228e-19
1.31009e-20
4.40997e-22
1.41214e-23
4.31223e-25
1.25857e-26
3.51801e-28
9.43556e-30
2.43242e-31
6.03666e-33
1.44437e-34
3.3364e-36
7.44976e-38
1.60985e-39
3.37042e-41
6.84366e-43
1.34903e-44
2.58391e-46
4.81316e-48
8.72637e-50
1.54106e-51
2.65279e-53
4.45435e-55
7.30042e-57
1.16859e-58
1.82804e-60
2.79615e-62
4.18431e-64
6.12912e-66
8.79216e-68
1.23572e-69
1.70243e-71
2.30001e-73
3.04846e-75
3.96548e-77
5.06456e-79
6.35297e-81
7.8299e-83
9.48477e-85
1.12962e-86
1.32316e-88
1.52474e-90
1.72907e-92
1.93014e-94
2.1215e-96
2.29662e-98
2.44931e-100
2.57403e-102
2.66627e-104
2.7228e-106
2.7419e-108
2.72335e-110
2.66851e-112
2.58009e-114
2.46202e-116
2.31912e-118
2.15683e-120
1.98082e-122
1.79678e-124
1.61006e-126
1.42546e-128
1.24714e-130
1.07842e-132
9.21808e-135
7.79013e-137
6.50976e-139
5.37978e-141
4.39751e-143
3.55593e-145
2.84486e-147
2.25212e-149
1.76441e-151
1.36817e-153
1.0502e-155
7.98072e-158
6.00491e-160
4.47419e-162
3.30154e-164
2.41302e-166
1.74701e-168
1.25304e-170
8.90472e-173
6.27048e-175
4.37575e-177
3.02635e-179
2.07463e-181
1.40981e-183
9.49767e-186
6.34384e-188
4.20149e-190
2.75937e-192
1.79725e-194
1.16101e-196
7.43923e-199
4.72847e-201
2.9816e-203
1.86529e-205
1.15784e-207
7.13158e-210
4.35905e-212
2.64422e-214
1.59197e-216
9.51339e-219
5.64324e-221
3.3231e-223
1.94272e-225
1.12761e-227
6.4985e-230
3.71882e-232
2.1133e-234
1.19264e-236
6.68454e-239
3.72117e-241
2.05757e-243
1.13012e-245
6.16618e-248
3.34233e-250
1.79991e-252
9.6304e-255
5.11979e-257
2.70457e-259
1.41973e-261
7.4062e-264
3.83964e-266
1.9784e-268
1.01317e-270
5.15733e-273
2.60949e-275
1.3125e-277
6.56253e-280
3.26209e-282
1.6121e-284
7.92094e-287
3.86965e-289
1.87973e-291
9.07958e-294
4.36115e-296
2.08315e-298
9.8956e-301
4.67501e-303
2.19664e-305
1.02657e-307
4.7719e-310
2.20638e-312
1.01478e-314
4.64288e-317
2.11282e-319
9.33784e-322
0
0
0
0
0
0
0
0
0
0
0
0
0
0
0
0
0
0
0
0
0
0
0
0
0
0
0
0
0
0
0
0
0
0
0
0
0
0
0
0
0
0
0
0
0
0
0
0
0
0
0
0
0
0
0
0
0
0
0
0
0
0
0
0
0
0
0
0
0
0
0
0
0
0
0
0
0
0
0
0
0
0
0
0
0
0
0
0
0
0
0
0
0
0
0
0
0
0
0
0
0
0
0
0
0
0
0
0
0
0
0
0
0
0
0
0
0
0
0
0
0
0
0
0
0
0
0
0
0
0
0
0
0
0
0
0
0
0
0
0
0
0
0
0
0
0
0
0
0
0
0
0
0
0
0
0
0
0
0
0
0
0
0
0
0
0
0
0
0
0
0
0
0
0
0
0
0
0
0
0
0
0
0
0
0
0
0
0
0
0
0
0
0
0
0
0
0
0
0
0
0
0
0
0
0
0
0
0
0
0
0
0
0
0
0
0
0
0
0
0
0
0
0
0
0
0
0
0
0
0
0
0
0
0
0
0
0
0
0
0
0
0
0
0
0
0
0
0
0
0
0
0
0
0
0
0
0
0
0
0
0
0
0
0
0
0
0
0
0
0
0
0
0
0
0
0
0
0
0
0
0
0
0
0
0
0
)
;

boundaryField
{
    sides
    {
        type            zeroGradient;
    }
    empty
    {
        type            empty;
    }
}


// ************************************************************************* //
