/*--------------------------------*- C++ -*----------------------------------*\
| =========                 |                                                 |
| \\      /  F ield         | OpenFOAM: The Open Source CFD Toolbox           |
|  \\    /   O peration     | Version:  2312                                  |
|   \\  /    A nd           | Website:  www.openfoam.com                      |
|    \\/     M anipulation  |                                                 |
\*---------------------------------------------------------------------------*/
FoamFile
{
    version     2.0;
    format      ascii;
    arch        "LSB;label=32;scalar=64";
    class       volScalarField;
    location    "2.3";
    object      T;
}
// * * * * * * * * * * * * * * * * * * * * * * * * * * * * * * * * * * * * * //

dimensions      [0 0 0 1 0 0 0];

internalField   nonuniform List<scalar> 
1000
(
7.10302e-125
1.64951e-124
4.82559e-124
1.45237e-123
4.37899e-123
1.31872e-122
3.9653e-122
1.19049e-121
3.56858e-121
1.06804e-120
3.19155e-120
9.5221e-120
2.83649e-119
8.4362e-119
2.50511e-118
7.4271e-118
2.19849e-117
6.49742e-117
1.91719e-116
5.64806e-116
1.66127e-115
4.87848e-115
1.43032e-114
4.18684e-114
1.2236e-113
3.57019e-113
1.04002e-112
3.02477e-112
8.78286e-112
2.54609e-111
7.36895e-111
2.12926e-110
6.14245e-110
1.76906e-109
5.08666e-109
1.46018e-108
4.18473e-108
1.19732e-107
3.42006e-107
9.75299e-107
2.77665e-106
7.8919e-106
2.23933e-105
6.34349e-105
1.79396e-104
5.06486e-104
1.42756e-103
4.01686e-103
1.12836e-102
3.16428e-102
8.85863e-102
2.47583e-101
6.90773e-101
1.92403e-100
5.34988e-100
1.48503e-99
4.11509e-99
1.13836e-98
3.14363e-98
8.66629e-98
2.38498e-97
6.55216e-97
1.79693e-96
4.9195e-96
1.34448e-95
3.66801e-95
9.98956e-95
2.71582e-94
7.37042e-94
1.99673e-93
5.39983e-93
1.45772e-92
3.92823e-92
1.0567e-91
2.83747e-91
7.6057e-91
2.03503e-90
5.43533e-90
1.44911e-89
3.85655e-89
1.0245e-88
2.71671e-88
7.19101e-88
1.89998e-87
5.01096e-87
1.31917e-86
3.46651e-86
9.09262e-86
2.38063e-85
6.22153e-85
1.62295e-84
4.22585e-84
1.0983e-83
2.84922e-83
7.37778e-83
1.90686e-82
4.91932e-82
1.26672e-81
3.25572e-81
8.35216e-81
2.13863e-80
5.46585e-80
1.39432e-79
3.55014e-79
9.02212e-79
2.28849e-78
5.7938e-78
1.46404e-77
3.69244e-77
9.29488e-77
2.3353e-76
5.85611e-76
1.46568e-75
3.66129e-75
9.1283e-75
2.27146e-74
5.6413e-74
1.39833e-73
3.45934e-73
8.54144e-73
2.10484e-72
5.17675e-72
1.2707e-71
3.11295e-71
7.61109e-71
1.85722e-70
4.52294e-70
1.0993e-69
2.66655e-69
6.4553e-69
1.55961e-68
3.76053e-68
9.0492e-68
2.1732e-67
5.20852e-67
1.24581e-66
2.97382e-66
7.08428e-66
1.68421e-65
3.99588e-65
9.46116e-65
2.23558e-64
5.27163e-64
1.24054e-63
2.91328e-63
6.82749e-63
1.59677e-62
3.72672e-62
8.67981e-62
2.0174e-61
4.67918e-61
1.08303e-60
2.50153e-60
5.76581e-60
1.32618e-59
3.04392e-59
6.97186e-59
1.59348e-58
3.63433e-58
8.27145e-58
1.87852e-57
4.25722e-57
9.62739e-57
2.17251e-56
4.89199e-56
1.0992e-55
2.46452e-55
5.5138e-55
1.23093e-54
2.74203e-54
6.09495e-54
1.35183e-53
2.99178e-53
6.60676e-53
1.45578e-52
3.20076e-52
7.02189e-52
1.53709e-51
3.35726e-51
7.31664e-51
1.59102e-50
3.45204e-50
7.47323e-50
1.61426e-49
3.47911e-49
7.48152e-49
1.60523e-48
3.43644e-48
7.34008e-48
1.56427e-47
3.32615e-47
7.05646e-47
1.49364e-46
3.15438e-46
6.64649e-46
1.39726e-45
2.93069e-45
6.13286e-45
1.28044e-44
2.66718e-44
5.54297e-44
1.14928e-43
2.37742e-43
4.90653e-43
1.01026e-42
2.07527e-42
4.25308e-42
8.69589e-42
1.7738e-41
3.60972e-41
7.32855e-41
1.48435e-40
2.99935e-40
6.04627e-40
1.21595e-39
2.43954e-39
4.88276e-39
9.74952e-39
1.94205e-38
3.85918e-38
7.65039e-38
1.51295e-37
2.98482e-37
5.87435e-37
1.15331e-36
2.25881e-36
4.4132e-36
8.60137e-36
1.67232e-35
3.24345e-35
6.27523e-35
1.21111e-34
2.33166e-34
4.47791e-34
8.57848e-34
1.63934e-33
3.12498e-33
5.94217e-33
1.12709e-32
2.13249e-32
4.02466e-32
7.5767e-32
1.42278e-31
2.66504e-31
4.97935e-31
9.2799e-31
1.72509e-30
3.19875e-30
5.91619e-30
1.09143e-29
2.00837e-29
3.6862e-29
6.74839e-29
1.23227e-28
2.24437e-28
4.07721e-28
7.3877e-28
1.33516e-27
2.40673e-27
4.32709e-27
7.75949e-27
1.38784e-26
2.47576e-26
4.40495e-26
7.81692e-26
1.38353e-25
2.4423e-25
4.29994e-25
7.55057e-25
1.32235e-24
2.30974e-24
4.02369e-24
6.99086e-24
1.21138e-23
2.09347e-23
3.60822e-23
6.20232e-23
1.06328e-22
1.81792e-22
3.09979e-22
5.27127e-22
8.93972e-22
1.51201e-21
2.5504e-21
4.29024e-21
7.19732e-21
1.20413e-20
2.00906e-20
3.34288e-20
5.547e-20
9.17915e-20
1.51479e-19
2.49289e-19
4.09125e-19
6.69588e-19
1.09284e-18
1.77869e-18
2.88692e-18
4.67264e-18
7.54186e-18
1.2139e-17
1.94836e-17
3.11847e-17
4.9773e-17
7.92183e-17
1.25729e-16
1.98984e-16
3.14034e-16
4.94204e-16
7.75543e-16
1.21359e-15
1.89368e-15
2.94649e-15
4.57156e-15
7.07269e-15
1.0911e-14
1.67842e-14
2.57449e-14
3.93765e-14
6.00528e-14
9.13228e-14
1.38476e-13
2.0937e-13
3.15646e-13
4.74492e-13
7.11211e-13
1.06294e-12
1.584e-12
2.35364e-12
3.48705e-12
5.15122e-12
7.5874e-12
1.11431e-11
1.63173e-11
2.38241e-11
3.46826e-11
5.03419e-11
7.28568e-11
1.05131e-10
1.51256e-10
2.16976e-10
3.10333e-10
4.42546e-10
6.29222e-10
8.91994e-10
1.26076e-09
1.77669e-09
2.49631e-09
3.49699e-09
4.88424e-09
6.8015e-09
9.44314e-09
1.30717e-08
1.80404e-08
2.48236e-08
3.4055e-08
4.65797e-08
6.35199e-08
8.63615e-08
1.17065e-07
1.58208e-07
2.13168e-07
2.86359e-07
3.83523e-07
5.12112e-07
6.81756e-07
9.04864e-07
1.19737e-06
1.57965e-06
2.07771e-06
2.72455e-06
3.56199e-06
4.64279e-06
6.03325e-06
7.81648e-06
1.00962e-05
1.30014e-05
1.6692e-05
2.13655e-05
2.72648e-05
3.4688e-05
4.39988e-05
5.56403e-05
7.01495e-05
8.81751e-05
0.000110498
0.000138054
0.000171963
0.000213553
0.000264403
0.000326376
0.00040166
0.000492824
0.00060286
0.000735249
0.00089402
0.00108382
0.00130997
0.00157857
0.00189657
0.00227182
0.0027132
0.0032307
0.00383547
0.00453993
0.00535786
0.00630446
0.00739642
0.00865195
0.0100909
0.0117346
0.0136062
0.0157303
0.0181331
0.0208424
0.0238872
0.0272979
0.031106
0.035344
0.040045
0.0452424
0.0509699
0.0572609
0.0641483
0.0716638
0.0798379
0.0886991
0.0982737
0.108585
0.119654
0.131496
0.144125
0.157547
0.171767
0.186782
0.202585
0.219161
0.236492
0.254553
0.273311
0.292731
0.312769
0.333377
0.354501
0.376084
0.398061
0.420367
0.442932
0.465684
0.488549
0.511451
0.534316
0.557068
0.579633
0.601939
0.623916
0.645498
0.666623
0.687231
0.707269
0.726688
0.745447
0.763508
0.780838
0.797415
0.813217
0.828232
0.842451
0.855874
0.868502
0.880343
0.891411
0.901722
0.911295
0.920154
0.928326
0.935839
0.942722
0.949009
0.95473
0.95992
0.964612
0.968838
0.972632
0.976025
0.979047
0.981729
0.984098
0.98618
0.988001
0.989583
0.990946
0.992111
0.993093
0.993907
0.994566
0.995081
0.995459
0.995708
0.995832
0.995832
0.995708
0.995459
0.995081
0.994566
0.993907
0.993093
0.992111
0.990946
0.989583
0.988001
0.98618
0.984098
0.981729
0.979047
0.976025
0.972632
0.968838
0.964612
0.95992
0.95473
0.949009
0.942722
0.935839
0.928326
0.920154
0.911295
0.901722
0.891411
0.880343
0.868502
0.855874
0.842451
0.828232
0.813217
0.797415
0.780838
0.763508
0.745447
0.726688
0.707269
0.687231
0.666623
0.645498
0.623916
0.601939
0.579633
0.557068
0.534316
0.511451
0.488549
0.465684
0.442932
0.420367
0.398061
0.376084
0.354501
0.333377
0.312769
0.292731
0.273311
0.254553
0.236492
0.219161
0.202585
0.186782
0.171767
0.157547
0.144125
0.131496
0.119654
0.108585
0.0982737
0.0886991
0.0798379
0.0716638
0.0641483
0.0572609
0.0509699
0.0452424
0.040045
0.035344
0.031106
0.0272979
0.0238872
0.0208424
0.0181331
0.0157303
0.0136062
0.0117346
0.0100909
0.00865195
0.00739642
0.00630446
0.00535786
0.00453993
0.00383547
0.0032307
0.0027132
0.00227182
0.00189657
0.00157857
0.00130997
0.00108382
0.00089402
0.000735249
0.00060286
0.000492824
0.00040166
0.000326376
0.000264403
0.000213553
0.000171963
0.000138054
0.000110498
8.81751e-05
7.01495e-05
5.56403e-05
4.39988e-05
3.4688e-05
2.72648e-05
2.13655e-05
1.6692e-05
1.30014e-05
1.00962e-05
7.81648e-06
6.03325e-06
4.64279e-06
3.56199e-06
2.72455e-06
2.07771e-06
1.57965e-06
1.19737e-06
9.04864e-07
6.81756e-07
5.12112e-07
3.83523e-07
2.86359e-07
2.13168e-07
1.58208e-07
1.17065e-07
8.63615e-08
6.35199e-08
4.65797e-08
3.4055e-08
2.48236e-08
1.80404e-08
1.30717e-08
9.44314e-09
6.8015e-09
4.88424e-09
3.49699e-09
2.49631e-09
1.77669e-09
1.26076e-09
8.91994e-10
6.29222e-10
4.42546e-10
3.10333e-10
2.16976e-10
1.51256e-10
1.05131e-10
7.28568e-11
5.03419e-11
3.46826e-11
2.38241e-11
1.63173e-11
1.11431e-11
7.5874e-12
5.15122e-12
3.48705e-12
2.35364e-12
1.584e-12
1.06294e-12
7.11211e-13
4.74492e-13
3.15646e-13
2.0937e-13
1.38476e-13
9.13228e-14
6.00528e-14
3.93765e-14
2.57449e-14
1.67842e-14
1.0911e-14
7.07269e-15
4.57156e-15
2.94649e-15
1.89368e-15
1.21359e-15
7.75543e-16
4.94204e-16
3.14034e-16
1.98984e-16
1.25729e-16
7.92183e-17
4.9773e-17
3.11847e-17
1.94836e-17
1.2139e-17
7.54186e-18
4.67264e-18
2.88692e-18
1.77869e-18
1.09284e-18
6.69588e-19
4.09125e-19
2.49289e-19
1.51479e-19
9.17915e-20
5.547e-20
3.34288e-20
2.00906e-20
1.20413e-20
7.19732e-21
4.29024e-21
2.5504e-21
1.51201e-21
8.93972e-22
5.27127e-22
3.09979e-22
1.81792e-22
1.06328e-22
6.20232e-23
3.60822e-23
2.09347e-23
1.21138e-23
6.99086e-24
4.02369e-24
2.30974e-24
1.32235e-24
7.55057e-25
4.29994e-25
2.4423e-25
1.38353e-25
7.81692e-26
4.40495e-26
2.47576e-26
1.38784e-26
7.75949e-27
4.32709e-27
2.40673e-27
1.33516e-27
7.3877e-28
4.07721e-28
2.24437e-28
1.23227e-28
6.74839e-29
3.6862e-29
2.00837e-29
1.09143e-29
5.91619e-30
3.19875e-30
1.72509e-30
9.2799e-31
4.97935e-31
2.66504e-31
1.42278e-31
7.5767e-32
4.02466e-32
2.13249e-32
1.12709e-32
5.94217e-33
3.12498e-33
1.63934e-33
8.57848e-34
4.47791e-34
2.33166e-34
1.21111e-34
6.27523e-35
3.24345e-35
1.67232e-35
8.60137e-36
4.4132e-36
2.25881e-36
1.15331e-36
5.87435e-37
2.98482e-37
1.51295e-37
7.65039e-38
3.85918e-38
1.94205e-38
9.74952e-39
4.88276e-39
2.43954e-39
1.21595e-39
6.04627e-40
2.99935e-40
1.48435e-40
7.32855e-41
3.60972e-41
1.7738e-41
8.69589e-42
4.25308e-42
2.07527e-42
1.01026e-42
4.90653e-43
2.37742e-43
1.14928e-43
5.54297e-44
2.66718e-44
1.28044e-44
6.13286e-45
2.93069e-45
1.39726e-45
6.64649e-46
3.15438e-46
1.49364e-46
7.05646e-47
3.32615e-47
1.56427e-47
7.34008e-48
3.43644e-48
1.60523e-48
7.48152e-49
3.47911e-49
1.61426e-49
7.47323e-50
3.45204e-50
1.59102e-50
7.31664e-51
3.35726e-51
1.53709e-51
7.02189e-52
3.20076e-52
1.45578e-52
6.60676e-53
2.99178e-53
1.35183e-53
6.09495e-54
2.74203e-54
1.23093e-54
5.5138e-55
2.46452e-55
1.0992e-55
4.89199e-56
2.17251e-56
9.62739e-57
4.25722e-57
1.87852e-57
8.27145e-58
3.63433e-58
1.59348e-58
6.97186e-59
3.04392e-59
1.32618e-59
5.76581e-60
2.50153e-60
1.08303e-60
4.67918e-61
2.0174e-61
8.67981e-62
3.72672e-62
1.59677e-62
6.82749e-63
2.91328e-63
1.24054e-63
5.27163e-64
2.23558e-64
9.46116e-65
3.99588e-65
1.68421e-65
7.08428e-66
2.97382e-66
1.24581e-66
5.20852e-67
2.1732e-67
9.0492e-68
3.76053e-68
1.55961e-68
6.4553e-69
2.66655e-69
1.0993e-69
4.52294e-70
1.85722e-70
7.61109e-71
3.11295e-71
1.2707e-71
5.17675e-72
2.10484e-72
8.54144e-73
3.45934e-73
1.39833e-73
5.6413e-74
2.27146e-74
9.1283e-75
3.66129e-75
1.46568e-75
5.85611e-76
2.3353e-76
9.29488e-77
3.69244e-77
1.46404e-77
5.7938e-78
2.28849e-78
9.02212e-79
3.55014e-79
1.39432e-79
5.46585e-80
2.13863e-80
8.35216e-81
3.25572e-81
1.26672e-81
4.91932e-82
1.90686e-82
7.37778e-83
2.84922e-83
1.0983e-83
4.22585e-84
1.62295e-84
6.22153e-85
2.38063e-85
9.09262e-86
3.46651e-86
1.31917e-86
5.01096e-87
1.89998e-87
7.19101e-88
2.71671e-88
1.0245e-88
3.85655e-89
1.44911e-89
5.43533e-90
2.03503e-90
7.6057e-91
2.83747e-91
1.0567e-91
3.92823e-92
1.45772e-92
5.39983e-93
1.99673e-93
7.37042e-94
2.71582e-94
9.98956e-95
3.66801e-95
1.34448e-95
4.9195e-96
1.79693e-96
6.55216e-97
2.38498e-97
8.66629e-98
3.14363e-98
1.13836e-98
4.11509e-99
1.48503e-99
5.34988e-100
1.92403e-100
6.90773e-101
2.47583e-101
8.85863e-102
3.16428e-102
1.12836e-102
4.01686e-103
1.42756e-103
5.06486e-104
1.79396e-104
6.34349e-105
2.23933e-105
7.8919e-106
2.77665e-106
9.75299e-107
3.42006e-107
1.19732e-107
4.18473e-108
1.46018e-108
5.08666e-109
1.76906e-109
6.14245e-110
2.12926e-110
7.36895e-111
2.54609e-111
8.78286e-112
3.02477e-112
1.04002e-112
3.57019e-113
1.2236e-113
4.18684e-114
1.43032e-114
4.87848e-115
1.66127e-115
5.64806e-116
1.91719e-116
6.49742e-117
2.19849e-117
7.4271e-118
2.50511e-118
8.4362e-119
2.83649e-119
9.5221e-120
3.19155e-120
1.06804e-120
3.56858e-121
1.19049e-121
3.9653e-122
1.31872e-122
4.37899e-123
1.45237e-123
4.82559e-124
1.64951e-124
7.10302e-125
)
;

boundaryField
{
    sides
    {
        type            zeroGradient;
    }
    empty
    {
        type            empty;
    }
}


// ************************************************************************* //
