/*--------------------------------*- C++ -*----------------------------------*\
| =========                 |                                                 |
| \\      /  F ield         | OpenFOAM: The Open Source CFD Toolbox           |
|  \\    /   O peration     | Version:  2312                                  |
|   \\  /    A nd           | Website:  www.openfoam.com                      |
|    \\/     M anipulation  |                                                 |
\*---------------------------------------------------------------------------*/
FoamFile
{
    version     2.0;
    format      ascii;
    arch        "LSB;label=32;scalar=64";
    class       volScalarField;
    location    "1.4";
    object      T;
}
// * * * * * * * * * * * * * * * * * * * * * * * * * * * * * * * * * * * * * //

dimensions      [0 0 0 1 0 0 0];

internalField   nonuniform List<scalar> 
1000
(
0
0
0
0
0
0
0
0
0
0
0
0
0
0
0
0
0
0
0
0
0
0
0
0
0
0
0
0
0
0
0
0
0
0
0
0
0
0
0
0
0
0
0
0
0
0
0
0
0
0
0
0
0
0
0
0
0
0
0
0
0
0
0
0
0
0
0
0
0
0
0
0
0
0
0
0
0
0
0
0
0
0
0
0
0
0
0
0
0
0
0
0
0
0
0
0
0
0
0
0
0
0
0
0
0
0
0
0
0
0
0
0
0
0
0
0
0
0
0
0
0
0
0
0
0
0
0
0
0
0
0
0
0
0
0
0
0
0
0
0
0
0
0
0
0
0
0
0
0
0
0
0
0
0
0
0
0
0
0
0
0
0
0
0
0
0
0
0
0
0
0
0
0
0
0
0
0
0
0
0
0
0
0
0
0
0
0
0
0
0
0
0
0
0
0
0
0
0
0
0
0
0
0
0
0
0
0
0
0
0
0
0
0
0
0
0
0
0
0
0
0
0
0
0
0
0
0
0
0
0
0
0
0
0
0
0
0
0
0
0
0
0
0
0
0
0
0
0
0
0
0
0
0
0
0
0
0
0
0
0
0
0
0
0
0
0
0
0
0
0
0
0
0
3.47328e-321
5.64164e-319
9.02572e-317
1.43652e-314
2.27473e-312
3.58361e-310
5.61656e-308
8.7572e-306
1.35828e-303
2.0957e-301
3.21639e-299
4.91013e-297
7.45567e-295
1.12599e-292
1.69129e-290
2.52654e-288
3.75353e-286
5.54553e-284
8.14741e-282
1.19029e-279
1.72911e-277
2.49756e-275
3.58686e-273
5.12153e-271
7.27032e-269
1.02603e-266
1.43945e-264
2.00746e-262
2.78288e-260
3.83457e-258
5.25165e-256
7.14845e-254
9.67041e-252
1.30009e-249
1.73693e-247
2.30591e-245
3.04186e-243
3.98703e-241
5.1922e-239
6.71773e-237
8.63458e-235
1.10252e-232
1.3984e-230
1.76179e-228
2.20461e-226
2.73995e-224
3.38188e-222
4.1453e-220
5.04558e-218
6.09814e-216
7.31794e-214
8.71885e-212
1.03129e-209
1.21096e-207
1.41148e-205
1.63302e-203
1.8752e-201
2.13705e-199
2.41694e-197
2.7125e-195
3.02062e-193
3.33744e-191
3.65839e-189
3.97828e-187
4.29136e-185
4.59152e-183
4.87243e-181
5.12778e-179
5.35145e-177
5.53779e-175
5.68183e-173
5.77949e-171
5.82777e-169
5.82491e-167
5.77046e-165
5.66534e-163
5.51182e-161
5.31345e-159
5.0749e-157
4.80182e-155
4.50056e-153
4.17797e-151
3.8411e-149
3.49696e-147
3.15226e-145
2.81321e-143
2.48531e-141
2.17323e-139
1.88073e-137
1.6106e-135
1.3647e-133
1.14398e-131
9.48575e-130
7.77932e-128
6.3091e-126
5.05927e-124
4.01089e-122
3.14312e-120
2.43434e-118
1.86311e-116
1.40883e-114
1.05238e-112
7.76441e-111
5.65705e-109
4.0695e-107
2.88989e-105
2.0255e-103
1.4009e-101
9.55924e-100
6.43414e-98
4.2709e-96
2.79521e-94
1.80336e-92
1.14662e-90
7.18339e-89
4.43304e-87
2.6942e-85
1.61213e-83
9.49502e-82
5.50299e-80
3.1375e-78
1.75923e-76
9.69801e-75
5.25443e-73
2.7971e-71
1.46245e-69
7.5075e-68
3.78256e-66
1.86978e-64
9.06426e-63
4.30759e-61
2.0059e-59
9.14873e-58
4.08493e-56
1.78472e-54
7.62588e-53
3.18504e-51
1.29956e-49
5.17707e-48
2.01235e-46
7.62732e-45
2.81704e-43
1.0131e-41
3.54497e-40
1.20595e-38
3.98499e-37
1.27794e-35
3.97342e-34
1.19657e-32
3.48622e-31
9.81537e-30
2.66714e-28
6.98534e-27
1.76075e-25
4.26476e-24
9.90917e-23
2.20456e-21
4.68672e-20
9.49989e-19
1.83153e-17
3.34953e-16
5.7934e-15
9.4452e-14
1.44607e-12
2.07024e-11
2.75805e-10
3.40029e-09
3.85431e-08
3.98645e-07
3.72818e-06
3.1183e-05
0.000230139
0.00147355
0.00800959
0.0359198
0.127916
0.343735
0.656265
0.872084
0.96408
0.99199
0.998526
0.99977
0.999969
0.999996
1
1
1
1
1
1
1
1
1
1
1
1
1
1
1
1
1
1
1
1
1
1
1
1
1
1
1
1
1
1
1
1
1
1
1
1
1
1
1
1
1
1
1
1
1
1
1
1
1
1
1
1
1
1
1
1
1
1
1
1
1
1
1
1
1
1
1
1
1
1
1
1
1
1
1
1
1
1
1
1
1
1
1
1
0.999996
0.999969
0.99977
0.998526
0.99199
0.96408
0.872084
0.656265
0.343735
0.127916
0.0359198
0.00800959
0.00147355
0.000230139
3.1183e-05
3.72818e-06
3.98645e-07
3.85431e-08
3.40029e-09
2.75805e-10
2.07024e-11
1.44607e-12
9.4452e-14
5.7934e-15
3.34953e-16
1.83153e-17
9.49989e-19
4.68672e-20
2.20456e-21
9.90917e-23
4.26476e-24
1.76075e-25
6.98534e-27
2.66714e-28
9.81537e-30
3.48622e-31
1.19657e-32
3.97342e-34
1.27794e-35
3.98499e-37
1.20595e-38
3.54497e-40
1.0131e-41
2.81704e-43
7.62732e-45
2.01235e-46
5.17707e-48
1.29956e-49
3.18504e-51
7.62588e-53
1.78472e-54
4.08493e-56
9.14873e-58
2.0059e-59
4.30759e-61
9.06426e-63
1.86978e-64
3.78256e-66
7.5075e-68
1.46245e-69
2.7971e-71
5.25443e-73
9.69801e-75
1.75923e-76
3.1375e-78
5.50299e-80
9.49502e-82
1.61213e-83
2.6942e-85
4.43304e-87
7.18339e-89
1.14662e-90
1.80336e-92
2.79521e-94
4.2709e-96
6.43414e-98
9.55924e-100
1.4009e-101
2.0255e-103
2.88989e-105
4.0695e-107
5.65705e-109
7.76441e-111
1.05238e-112
1.40883e-114
1.86311e-116
2.43434e-118
3.14312e-120
4.01089e-122
5.05927e-124
6.3091e-126
7.77932e-128
9.48575e-130
1.14398e-131
1.3647e-133
1.6106e-135
1.88073e-137
2.17323e-139
2.48531e-141
2.81321e-143
3.15226e-145
3.49696e-147
3.8411e-149
4.17797e-151
4.50056e-153
4.80182e-155
5.0749e-157
5.31345e-159
5.51182e-161
5.66534e-163
5.77046e-165
5.82491e-167
5.82777e-169
5.77949e-171
5.68183e-173
5.53779e-175
5.35145e-177
5.12778e-179
4.87243e-181
4.59152e-183
4.29136e-185
3.97828e-187
3.65839e-189
3.33744e-191
3.02062e-193
2.7125e-195
2.41694e-197
2.13705e-199
1.8752e-201
1.63302e-203
1.41148e-205
1.21096e-207
1.03129e-209
8.71885e-212
7.31794e-214
6.09814e-216
5.04558e-218
4.1453e-220
3.38188e-222
2.73995e-224
2.20461e-226
1.76179e-228
1.3984e-230
1.10252e-232
8.63458e-235
6.71773e-237
5.1922e-239
3.98703e-241
3.04186e-243
2.30591e-245
1.73693e-247
1.30009e-249
9.67041e-252
7.14845e-254
5.25165e-256
3.83457e-258
2.78288e-260
2.00746e-262
1.43945e-264
1.02603e-266
7.27032e-269
5.12153e-271
3.58686e-273
2.49756e-275
1.72911e-277
1.19029e-279
8.14741e-282
5.54553e-284
3.75353e-286
2.52654e-288
1.69129e-290
1.12599e-292
7.45567e-295
4.91013e-297
3.21639e-299
2.0957e-301
1.35828e-303
8.7572e-306
5.61656e-308
3.58361e-310
2.27473e-312
1.43652e-314
9.02572e-317
5.64164e-319
3.47328e-321
0
0
0
0
0
0
0
0
0
0
0
0
0
0
0
0
0
0
0
0
0
0
0
0
0
0
0
0
0
0
0
0
0
0
0
0
0
0
0
0
0
0
0
0
0
0
0
0
0
0
0
0
0
0
0
0
0
0
0
0
0
0
0
0
0
0
0
0
0
0
0
0
0
0
0
0
0
0
0
0
0
0
0
0
0
0
0
0
0
0
0
0
0
0
0
0
0
0
0
0
0
0
0
0
0
0
0
0
0
0
0
0
0
0
0
0
0
0
0
0
0
0
0
0
0
0
0
0
0
0
0
0
0
0
0
0
0
0
0
0
0
0
0
0
0
0
0
0
0
0
0
0
0
0
0
0
0
0
0
0
0
0
0
0
0
0
0
0
0
0
0
0
0
0
0
0
0
0
0
0
0
0
0
0
0
0
0
0
0
0
0
0
0
0
0
0
0
0
0
0
0
0
0
0
0
0
0
0
0
0
0
0
0
0
0
0
0
0
0
0
0
0
0
0
0
0
0
0
0
0
0
0
0
0
0
0
0
0
0
0
0
0
0
0
0
0
0
0
0
0
0
0
0
0
0
0
0
0
0
0
0
0
0
0
0
0
0
0
0
0
0
0
0
)
;

boundaryField
{
    sides
    {
        type            zeroGradient;
    }
    empty
    {
        type            empty;
    }
}


// ************************************************************************* //
