/*--------------------------------*- C++ -*----------------------------------*\
| =========                 |                                                 |
| \\      /  F ield         | OpenFOAM: The Open Source CFD Toolbox           |
|  \\    /   O peration     | Version:  2312                                  |
|   \\  /    A nd           | Website:  www.openfoam.com                      |
|    \\/     M anipulation  |                                                 |
\*---------------------------------------------------------------------------*/
FoamFile
{
    version     2.0;
    format      ascii;
    arch        "LSB;label=32;scalar=64";
    class       volScalarField;
    location    "2.8";
    object      T;
}
// * * * * * * * * * * * * * * * * * * * * * * * * * * * * * * * * * * * * * //

dimensions      [0 0 0 1 0 0 0];

internalField   nonuniform List<scalar> 
1000
(
0
0
0
0
0
0
0
0
0
0
0
0
0
0
0
0
0
0
0
0
0
0
0
0
0
0
0
0
0
0
0
0
0
0
0
0
0
0
0
0
0
0
0
0
0
0
0
0
0
0
0
0
0
0
0
0
0
0
0
0
0
0
0
0
0
0
0
0
0
0
0
0
0
0
0
0
0
0
0
0
0
0
0
0
0
0
0
0
0
0
0
0
0
0
0
0
0
0
0
0
0
0
0
0
0
0
0
0
0
0
0
0
0
0
0
0
0
0
0
0
0
0
0
0
0
0
0
0
0
0
0
0
0
0
0
0
0
0
0
0
0
0
0
0
0
0
0
0
0
0
0
0
0
0
0
0
0
0
0
0
0
0
0
0
0
0
0
0
0
0
0
0
0
0
0
0
0
0
0
0
0
0
0
0
0
0
0
0
0
0
0
0
0
0
0
0
0
0
0
0
0
0
0
0
0
0
0
0
0
0
0
0
0
0
0
0
0
0
0
0
0
0
0
0
0
0
0
0
0
0
0
0
0
0
0
0
0
0
0
0
0
0
0
0
0
0
0
5.08888e-322
5.54836e-320
5.35159e-318
5.13326e-316
4.90093e-314
4.65729e-312
4.40499e-310
4.14671e-308
3.88505e-306
3.62256e-304
3.3616e-302
3.10441e-300
2.853e-298
2.60916e-296
2.37448e-294
2.15025e-292
1.93755e-290
1.73718e-288
1.54973e-286
1.37553e-284
1.21473e-282
1.06725e-280
9.3287e-279
8.11203e-277
7.01743e-275
6.03885e-273
5.16945e-271
4.40184e-269
3.72829e-267
3.14093e-265
2.63187e-263
2.19339e-261
1.81801e-259
1.49861e-257
1.22853e-255
1.00153e-253
8.11923e-252
6.54515e-250
5.24642e-248
4.18148e-246
3.31364e-244
2.61079e-242
2.04509e-240
1.59262e-238
1.23298e-236
9.48906e-235
7.25937e-233
5.52033e-231
4.17258e-229
3.13473e-227
2.34062e-225
1.73693e-223
1.28096e-221
9.38793e-220
6.83702e-218
4.94775e-216
3.55773e-214
2.54181e-212
1.80426e-210
1.27238e-208
8.91414e-207
6.2039e-205
4.28895e-203
2.94523e-201
2.00884e-199
1.36084e-197
9.15551e-196
6.11716e-194
4.05869e-192
2.67403e-190
1.74931e-188
1.13623e-186
7.32719e-185
4.6909e-183
2.98125e-181
1.88077e-179
1.17773e-177
7.31982e-176
4.51515e-174
2.76398e-172
1.67903e-170
1.01209e-168
6.0532e-167
3.59193e-165
2.11455e-163
1.23488e-161
7.15354e-160
4.11028e-158
2.34232e-156
1.32377e-154
7.4189e-153
4.1228e-151
2.27163e-149
1.24091e-147
6.71993e-146
3.60725e-144
1.91928e-142
1.01208e-140
5.28892e-139
2.73877e-137
1.40522e-135
7.14312e-134
3.59708e-132
1.79427e-130
8.86461e-129
4.33732e-127
2.1015e-125
1.00818e-123
4.78851e-122
2.2515e-120
1.04786e-118
4.82666e-117
2.20014e-115
9.92352e-114
4.42832e-112
1.95486e-110
8.53581e-109
3.6861e-107
1.57408e-105
6.64608e-104
2.77411e-102
1.14456e-100
4.66715e-99
1.88059e-97
7.4869e-96
2.94448e-94
1.14378e-92
4.38768e-91
1.66193e-89
6.21441e-88
2.29362e-86
8.35406e-85
3.00226e-83
1.06436e-81
3.72164e-80
1.28321e-78
4.36202e-77
1.46154e-75
4.82584e-74
1.5699e-72
5.03048e-71
1.58737e-69
4.93139e-68
1.5079e-66
4.53702e-65
1.3429e-63
3.90906e-62
1.11873e-60
3.14681e-59
8.69703e-58
2.36095e-56
6.29314e-55
1.6465e-53
4.22682e-52
1.06428e-50
2.62733e-49
6.35648e-48
1.50652e-46
3.49617e-45
7.94091e-44
1.7644e-42
3.83312e-41
8.13777e-40
1.68739e-38
3.41528e-37
6.74336e-36
1.29803e-34
2.43419e-33
4.44408e-32
7.89289e-31
1.36261e-29
2.2847e-28
3.71719e-27
5.86304e-26
8.95601e-25
1.32351e-23
1.88999e-22
2.60486e-21
3.46045e-20
4.42476e-19
5.4375e-18
6.41131e-17
7.24039e-16
7.81637e-15
8.04936e-14
7.88915e-13
7.34024e-12
6.4653e-11
5.37427e-10
4.20149e-09
3.07726e-08
2.10239e-07
1.33324e-06
7.80402e-06
4.18932e-05
0.000204721
0.000902887
0.003558
0.0123828
0.0375535
0.0977697
0.215173
0.395298
0.604702
0.784827
0.90223
0.962446
0.987617
0.996442
0.999097
0.999795
0.999958
0.999992
0.999999
1
1
1
1
1
1
1
1
1
1
1
1
1
1
1
1
1
1
1
1
1
1
1
1
1
1
1
1
1
1
1
1
1
1
1
1
1
1
1
1
1
1
1
1
1
1
1
1
1
1
1
1
1
1
1
1
1
1
1
1
1
1
1
1
1
1
1
1
1
1
1
1
1
1
1
1
1
1
0.999999
0.999992
0.999958
0.999795
0.999097
0.996442
0.987617
0.962446
0.90223
0.784827
0.604702
0.395298
0.215173
0.0977697
0.0375535
0.0123828
0.003558
0.000902887
0.000204721
4.18932e-05
7.80402e-06
1.33324e-06
2.10239e-07
3.07726e-08
4.20149e-09
5.37427e-10
6.4653e-11
7.34024e-12
7.88915e-13
8.04936e-14
7.81637e-15
7.24039e-16
6.41131e-17
5.4375e-18
4.42476e-19
3.46045e-20
2.60486e-21
1.88999e-22
1.32351e-23
8.95601e-25
5.86304e-26
3.71719e-27
2.2847e-28
1.36261e-29
7.89289e-31
4.44408e-32
2.43419e-33
1.29803e-34
6.74336e-36
3.41528e-37
1.68739e-38
8.13777e-40
3.83312e-41
1.7644e-42
7.94091e-44
3.49617e-45
1.50652e-46
6.35648e-48
2.62733e-49
1.06428e-50
4.22682e-52
1.6465e-53
6.29314e-55
2.36095e-56
8.69703e-58
3.14681e-59
1.11873e-60
3.90906e-62
1.3429e-63
4.53702e-65
1.5079e-66
4.93139e-68
1.58737e-69
5.03048e-71
1.5699e-72
4.82584e-74
1.46154e-75
4.36202e-77
1.28321e-78
3.72164e-80
1.06436e-81
3.00226e-83
8.35406e-85
2.29362e-86
6.21441e-88
1.66193e-89
4.38768e-91
1.14378e-92
2.94448e-94
7.4869e-96
1.88059e-97
4.66715e-99
1.14456e-100
2.77411e-102
6.64608e-104
1.57408e-105
3.6861e-107
8.53581e-109
1.95486e-110
4.42832e-112
9.92352e-114
2.20014e-115
4.82666e-117
1.04786e-118
2.2515e-120
4.78851e-122
1.00818e-123
2.1015e-125
4.33732e-127
8.86461e-129
1.79427e-130
3.59708e-132
7.14312e-134
1.40522e-135
2.73877e-137
5.28892e-139
1.01208e-140
1.91928e-142
3.60725e-144
6.71993e-146
1.24091e-147
2.27163e-149
4.1228e-151
7.4189e-153
1.32377e-154
2.34232e-156
4.11028e-158
7.15354e-160
1.23488e-161
2.11455e-163
3.59193e-165
6.0532e-167
1.01209e-168
1.67903e-170
2.76398e-172
4.51515e-174
7.31982e-176
1.17773e-177
1.88077e-179
2.98125e-181
4.6909e-183
7.32719e-185
1.13623e-186
1.74931e-188
2.67403e-190
4.05869e-192
6.11716e-194
9.15551e-196
1.36084e-197
2.00884e-199
2.94523e-201
4.28895e-203
6.2039e-205
8.91414e-207
1.27238e-208
1.80426e-210
2.54181e-212
3.55773e-214
4.94775e-216
6.83702e-218
9.38793e-220
1.28096e-221
1.73693e-223
2.34062e-225
3.13473e-227
4.17258e-229
5.52033e-231
7.25937e-233
9.48906e-235
1.23298e-236
1.59262e-238
2.04509e-240
2.61079e-242
3.31364e-244
4.18148e-246
5.24642e-248
6.54515e-250
8.11923e-252
1.00153e-253
1.22853e-255
1.49861e-257
1.81801e-259
2.19339e-261
2.63187e-263
3.14093e-265
3.72829e-267
4.40184e-269
5.16945e-271
6.03885e-273
7.01743e-275
8.11203e-277
9.3287e-279
1.06725e-280
1.21473e-282
1.37553e-284
1.54973e-286
1.73718e-288
1.93755e-290
2.15025e-292
2.37448e-294
2.60916e-296
2.853e-298
3.10441e-300
3.3616e-302
3.62256e-304
3.88505e-306
4.14671e-308
4.40499e-310
4.65729e-312
4.90093e-314
5.13326e-316
5.3516e-318
5.54836e-320
5.08888e-322
0
0
0
0
0
0
0
0
0
0
0
0
0
0
0
0
0
0
0
0
0
0
0
0
0
0
0
0
0
0
0
0
0
0
0
0
0
0
0
0
0
0
0
0
0
0
0
0
0
0
0
0
0
0
0
0
0
0
0
0
0
0
0
0
0
0
0
0
0
0
0
0
0
0
0
0
0
0
0
0
0
0
0
0
0
0
0
0
0
0
0
0
0
0
0
0
0
0
0
0
0
0
0
0
0
0
0
0
0
0
0
0
0
0
0
0
0
0
0
0
0
0
0
0
0
0
0
0
0
0
0
0
0
0
0
0
0
0
0
0
0
0
0
0
0
0
0
0
0
0
0
0
0
0
0
0
0
0
0
0
0
0
0
0
0
0
0
0
0
0
0
0
0
0
0
0
0
0
0
0
0
0
0
0
0
0
0
0
0
0
0
0
0
0
0
0
0
0
0
0
0
0
0
0
0
0
0
0
0
0
0
0
0
0
0
0
0
0
0
0
0
0
0
0
0
0
0
0
0
0
0
0
0
0
0
0
0
0
0
0
0
0
0
0
0
0
0
)
;

boundaryField
{
    sides
    {
        type            zeroGradient;
    }
    empty
    {
        type            empty;
    }
}


// ************************************************************************* //
