/*--------------------------------*- C++ -*----------------------------------*\
| =========                 |                                                 |
| \\      /  F ield         | OpenFOAM: The Open Source CFD Toolbox           |
|  \\    /   O peration     | Version:  2312                                  |
|   \\  /    A nd           | Website:  www.openfoam.com                      |
|    \\/     M anipulation  |                                                 |
\*---------------------------------------------------------------------------*/
FoamFile
{
    version     2.0;
    format      ascii;
    arch        "LSB;label=32;scalar=64";
    class       volScalarField;
    location    "1.2";
    object      T;
}
// * * * * * * * * * * * * * * * * * * * * * * * * * * * * * * * * * * * * * //

dimensions      [0 0 0 1 0 0 0];

internalField   nonuniform List<scalar> 
1000
(
0
0
0
0
0
0
0
0
0
0
0
0
0
0
0
0
0
0
0
0
0
0
0
0
0
0
0
0
0
0
0
0
0
0
0
0
0
0
0
0
0
0
0
0
0
0
0
0
0
0
0
0
0
0
0
0
0
0
0
0
0
0
0
0
0
0
0
0
0
0
0
0
0
0
0
0
0
0
0
0
0
0
0
0
0
0
0
0
0
0
0
0
0
0
0
0
0
0
0
0
0
0
0
0
0
0
0
0
0
0
0
0
0
0
0
0
0
0
0
0
0
0
0
0
0
0
0
0
0
0
0
0
0
0
0
0
0
0
0
0
0
0
0
0
0
0
0
0
0
0
0
0
0
0
0
0
0
0
0
0
0
0
0
0
0
0
0
0
0
0
0
0
0
0
0
0
0
0
0
0
0
0
0
0
0
0
0
0
0
0
0
0
0
0
0
0
0
0
0
0
0
0
0
0
0
0
0
0
0
0
0
0
0
0
0
0
0
0
0
0
0
0
0
0
0
0
0
0
0
0
0
0
0
0
0
0
0
0
0
0
0
0
0
0
0
0
0
0
0
0
0
0
0
0
0
0
0
0
0
0
0
0
0
0
0
0
0
0
0
0
0
0
0
0
0
0
0
2.47033e-323
7.1936e-321
1.29791e-318
2.31908e-316
4.12244e-314
7.29034e-312
1.28257e-309
2.24461e-307
3.9076e-305
6.76665e-303
1.16551e-300
1.99674e-298
3.4023e-296
5.76574e-294
9.71742e-292
1.62871e-289
2.71467e-287
4.49939e-285
7.41543e-283
1.2152e-280
1.98001e-278
3.2076e-276
5.16614e-274
8.27195e-272
1.3167e-269
2.08345e-267
3.277e-265
5.12329e-263
7.96123e-261
1.22956e-258
1.88729e-256
2.87888e-254
4.36401e-252
6.5736e-250
9.83907e-248
1.46324e-245
2.16207e-243
3.17386e-241
4.62861e-239
6.70556e-237
9.64975e-235
1.37934e-232
1.95828e-230
2.76123e-228
3.8666e-226
5.37688e-224
7.42472e-222
1.01801e-219
1.38585e-217
1.87306e-215
2.51319e-213
3.34744e-211
4.42572e-209
5.80778e-207
7.56419e-205
9.77711e-203
1.25408e-200
1.59614e-198
2.01569e-196
2.52549e-194
3.13911e-192
3.87055e-190
4.73381e-188
5.7423e-186
6.90817e-184
8.24152e-182
9.7495e-180
1.14354e-177
1.32976e-175
1.53291e-173
1.7516e-171
1.98378e-169
2.22664e-167
2.47664e-165
2.72954e-163
2.98049e-161
3.22413e-159
3.45477e-157
3.66659e-155
3.85385e-153
4.01115e-151
4.13367e-149
4.21741e-147
4.25939e-145
4.25783e-143
4.21227e-141
4.12359e-139
3.99402e-137
3.82706e-135
3.62728e-133
3.40014e-131
3.15176e-129
2.88859e-127
2.61717e-125
2.34382e-123
2.07442e-121
1.81417e-119
1.56747e-117
1.33779e-115
1.12763e-113
9.38559e-112
7.71243e-110
6.2557e-108
5.00762e-106
3.95524e-104
3.08185e-102
2.36841e-100
1.7948e-98
1.34088e-96
9.87376e-95
7.16458e-93
5.12163e-91
3.60601e-89
2.49996e-87
1.70613e-85
1.14589e-83
7.57186e-82
4.92109e-80
3.14475e-78
1.97533e-76
1.21921e-74
7.39188e-73
4.40063e-71
2.57157e-69
1.47449e-67
8.29215e-66
4.57191e-64
2.47028e-62
1.30742e-60
6.77492e-59
3.43555e-57
1.704e-55
8.26209e-54
3.91393e-52
1.81044e-50
8.17203e-49
3.59724e-47
1.54313e-45
6.44637e-44
2.62044e-42
1.03569e-40
3.97652e-39
1.48186e-37
5.35444e-36
1.87405e-34
6.34642e-33
2.07705e-31
6.56123e-30
1.99783e-28
5.85503e-27
1.64898e-25
4.45523e-24
1.15263e-22
2.84963e-21
6.71742e-20
1.50615e-18
3.20338e-17
6.44345e-16
1.22162e-14
2.17479e-13
3.61993e-12
5.60607e-11
8.0323e-10
1.05776e-08
1.27039e-07
1.37868e-06
1.33686e-05
0.000114223
0.000844931
0.00528862
0.0271643
0.109739
0.328379
0.671621
0.890261
0.972836
0.994711
0.999155
0.999886
0.999987
0.999999
1
1
1
1
1
1
1
1
1
1
1
1
1
1
1
1
1
1
1
1
1
1
1
1
1
1
1
1
1
1
1
1
1
1
1
1
1
1
1
1
1
1
1
1
1
1
1
1
1
1
1
1
1
1
1
1
1
1
1
1
1
1
1
1
1
1
1
1
1
1
1
1
1
1
1
1
1
1
1
1
1
1
1
1
0.999999
0.999987
0.999886
0.999155
0.994711
0.972836
0.890261
0.671621
0.328379
0.109739
0.0271643
0.00528862
0.000844931
0.000114223
1.33686e-05
1.37868e-06
1.27039e-07
1.05776e-08
8.0323e-10
5.60607e-11
3.61993e-12
2.17479e-13
1.22162e-14
6.44345e-16
3.20338e-17
1.50615e-18
6.71742e-20
2.84963e-21
1.15263e-22
4.45523e-24
1.64898e-25
5.85503e-27
1.99783e-28
6.56123e-30
2.07705e-31
6.34642e-33
1.87405e-34
5.35444e-36
1.48186e-37
3.97652e-39
1.03569e-40
2.62044e-42
6.44637e-44
1.54313e-45
3.59724e-47
8.17203e-49
1.81044e-50
3.91393e-52
8.26209e-54
1.704e-55
3.43555e-57
6.77492e-59
1.30742e-60
2.47028e-62
4.57191e-64
8.29215e-66
1.47449e-67
2.57157e-69
4.40063e-71
7.39188e-73
1.21921e-74
1.97533e-76
3.14475e-78
4.92109e-80
7.57186e-82
1.14589e-83
1.70613e-85
2.49996e-87
3.60601e-89
5.12163e-91
7.16458e-93
9.87376e-95
1.34088e-96
1.7948e-98
2.36841e-100
3.08185e-102
3.95524e-104
5.00762e-106
6.2557e-108
7.71243e-110
9.38559e-112
1.12763e-113
1.33779e-115
1.56747e-117
1.81417e-119
2.07442e-121
2.34382e-123
2.61717e-125
2.88859e-127
3.15176e-129
3.40014e-131
3.62728e-133
3.82706e-135
3.99402e-137
4.12359e-139
4.21227e-141
4.25783e-143
4.25939e-145
4.21741e-147
4.13367e-149
4.01115e-151
3.85385e-153
3.66659e-155
3.45477e-157
3.22413e-159
2.98049e-161
2.72954e-163
2.47664e-165
2.22664e-167
1.98378e-169
1.7516e-171
1.53291e-173
1.32976e-175
1.14354e-177
9.7495e-180
8.24152e-182
6.90817e-184
5.7423e-186
4.73381e-188
3.87055e-190
3.13911e-192
2.52549e-194
2.01569e-196
1.59614e-198
1.25408e-200
9.77711e-203
7.56419e-205
5.80778e-207
4.42572e-209
3.34744e-211
2.51319e-213
1.87306e-215
1.38585e-217
1.01801e-219
7.42472e-222
5.37688e-224
3.8666e-226
2.76123e-228
1.95828e-230
1.37934e-232
9.64975e-235
6.70556e-237
4.62861e-239
3.17386e-241
2.16207e-243
1.46324e-245
9.83907e-248
6.5736e-250
4.36401e-252
2.87888e-254
1.88729e-256
1.22956e-258
7.96123e-261
5.12329e-263
3.277e-265
2.08345e-267
1.3167e-269
8.27195e-272
5.16614e-274
3.2076e-276
1.98001e-278
1.2152e-280
7.41543e-283
4.49939e-285
2.71467e-287
1.62871e-289
9.71742e-292
5.76574e-294
3.4023e-296
1.99674e-298
1.16551e-300
6.76665e-303
3.9076e-305
2.24461e-307
1.28257e-309
7.29034e-312
4.12244e-314
2.31908e-316
1.29791e-318
7.1936e-321
2.47033e-323
0
0
0
0
0
0
0
0
0
0
0
0
0
0
0
0
0
0
0
0
0
0
0
0
0
0
0
0
0
0
0
0
0
0
0
0
0
0
0
0
0
0
0
0
0
0
0
0
0
0
0
0
0
0
0
0
0
0
0
0
0
0
0
0
0
0
0
0
0
0
0
0
0
0
0
0
0
0
0
0
0
0
0
0
0
0
0
0
0
0
0
0
0
0
0
0
0
0
0
0
0
0
0
0
0
0
0
0
0
0
0
0
0
0
0
0
0
0
0
0
0
0
0
0
0
0
0
0
0
0
0
0
0
0
0
0
0
0
0
0
0
0
0
0
0
0
0
0
0
0
0
0
0
0
0
0
0
0
0
0
0
0
0
0
0
0
0
0
0
0
0
0
0
0
0
0
0
0
0
0
0
0
0
0
0
0
0
0
0
0
0
0
0
0
0
0
0
0
0
0
0
0
0
0
0
0
0
0
0
0
0
0
0
0
0
0
0
0
0
0
0
0
0
0
0
0
0
0
0
0
0
0
0
0
0
0
0
0
0
0
0
0
0
0
0
0
0
0
0
0
0
0
0
0
0
0
0
0
0
0
0
0
0
0
0
0
0
0
0
0
0
0
0
0
0
0
0
)
;

boundaryField
{
    sides
    {
        type            zeroGradient;
    }
    empty
    {
        type            empty;
    }
}


// ************************************************************************* //
