/*--------------------------------*- C++ -*----------------------------------*\
| =========                 |                                                 |
| \\      /  F ield         | OpenFOAM: The Open Source CFD Toolbox           |
|  \\    /   O peration     | Version:  2312                                  |
|   \\  /    A nd           | Website:  www.openfoam.com                      |
|    \\/     M anipulation  |                                                 |
\*---------------------------------------------------------------------------*/
FoamFile
{
    version     2.0;
    format      ascii;
    arch        "LSB;label=32;scalar=64";
    class       volScalarField;
    location    "0.7";
    object      T;
}
// * * * * * * * * * * * * * * * * * * * * * * * * * * * * * * * * * * * * * //

dimensions      [0 0 0 1 0 0 0];

internalField   nonuniform List<scalar> 
1000
(
8.1163e-257
4.6734e-256
3.13738e-255
2.11121e-254
1.41891e-253
9.52361e-253
6.38366e-252
4.27324e-251
2.85669e-250
1.90714e-249
1.27151e-248
8.46577e-248
5.62891e-247
3.73758e-246
2.47836e-245
1.64113e-244
1.08524e-243
7.16652e-243
4.72597e-242
3.11223e-241
2.04667e-240
1.34406e-239
8.81416e-239
5.7721e-238
3.77463e-237
2.46492e-236
1.60736e-235
1.04667e-234
6.80586e-234
4.41913e-233
2.86528e-232
1.85512e-231
1.19936e-230
7.7428e-230
4.99132e-229
3.21292e-228
2.06513e-227
1.32544e-226
8.49439e-226
5.43579e-225
3.47336e-224
2.21611e-223
1.41184e-222
8.98113e-222
5.70458e-221
3.61795e-220
2.29111e-219
1.44867e-218
9.14608e-218
5.7655e-217
3.6289e-216
2.28058e-215
1.43102e-214
8.96556e-214
5.60835e-213
3.50281e-212
2.18434e-211
1.36002e-210
8.45445e-210
5.24738e-209
3.25171e-208
2.01184e-207
1.24275e-206
7.66439e-206
4.71929e-205
2.9012e-204
1.78065e-203
1.09113e-202
6.67522e-202
4.07708e-201
2.48612e-200
1.5135e-199
9.19872e-199
5.58155e-198
3.38113e-197
2.04478e-196
1.23454e-195
7.44111e-195
4.47754e-194
2.68973e-193
1.61303e-192
9.65694e-192
5.77159e-191
3.44357e-190
2.05105e-189
1.21954e-188
7.23879e-188
4.28925e-187
2.53712e-186
1.49811e-185
8.83045e-185
5.19587e-184
3.05188e-183
1.7894e-182
1.04731e-181
6.11882e-181
3.56848e-180
2.07739e-179
1.20717e-178
7.00218e-178
4.05424e-177
2.34311e-176
1.35171e-175
7.78349e-175
4.47369e-174
2.56657e-173
1.46972e-172
8.40054e-172
4.79256e-171
2.72905e-170
1.55109e-169
8.7992e-169
4.98223e-168
2.81564e-167
1.58818e-166
8.94107e-166
5.02391e-165
2.81744e-164
1.57698e-163
8.80945e-163
4.9116e-162
2.73303e-161
1.51779e-160
8.41236e-160
4.65332e-159
2.56887e-158
1.41531e-157
7.78199e-157
4.27025e-156
2.3385e-155
1.27802e-154
6.97035e-154
3.79386e-153
2.0607e-152
1.117e-151
6.04216e-151
3.26158e-150
1.75694e-149
9.44444e-149
5.06619e-148
2.71187e-147
1.44856e-146
7.72109e-146
4.1067e-145
2.17959e-144
1.15431e-143
6.09999e-143
3.21657e-142
1.69243e-141
8.8854e-141
4.65467e-140
2.433e-139
1.26892e-138
6.60326e-138
3.42857e-137
1.77621e-136
9.18113e-136
4.73496e-135
2.43641e-134
1.25082e-133
6.40685e-133
3.27413e-132
1.66934e-131
8.49155e-131
4.30941e-130
2.1819e-129
1.10212e-128
5.55397e-128
2.79221e-127
1.40043e-126
7.00708e-126
3.49762e-125
1.74165e-124
8.65168e-124
4.28732e-123
2.11939e-122
1.04514e-121
5.14124e-121
2.52284e-120
1.2349e-119
6.0297e-119
2.93678e-118
1.42677e-117
6.9142e-117
3.34217e-116
1.61142e-115
7.7496e-115
3.71735e-114
1.77855e-113
8.48741e-113
4.03973e-112
1.91776e-111
9.08021e-111
4.28797e-110
2.01955e-109
9.48645e-109
4.44417e-108
2.0764e-107
9.67518e-107
4.49604e-106
2.08362e-105
9.62983e-105
4.43839e-104
2.04001e-103
9.35053e-103
4.27395e-102
1.94808e-101
8.85447e-101
4.0132e-100
1.81379e-99
8.17418e-99
3.67331e-98
1.64596e-97
7.35405e-97
3.2762e-96
1.45528e-95
6.44538e-95
2.84623e-94
1.25316e-93
5.50107e-93
2.40764e-92
1.05058e-91
4.57043e-91
1.98228e-90
8.57138e-90
3.69492e-89
1.5879e-88
6.80292e-88
2.90548e-87
1.23704e-86
5.25032e-86
2.22135e-85
9.36852e-85
3.93859e-84
1.65051e-83
6.89444e-83
2.87061e-82
1.19134e-81
4.9281e-81
2.03187e-80
8.34984e-80
3.41994e-79
1.39608e-78
5.67999e-78
2.30314e-77
9.30724e-77
3.74838e-76
1.50445e-75
6.01756e-75
2.39861e-74
9.52772e-74
3.77138e-73
1.4876e-72
5.84705e-72
2.29006e-71
8.93728e-71
3.47541e-70
1.3466e-69
5.19873e-69
1.99973e-68
7.66396e-68
2.9264e-67
1.11328e-66
4.21946e-66
1.59325e-65
5.99338e-65
2.24603e-64
8.38503e-64
3.11839e-63
1.15527e-62
4.2634e-62
1.56724e-61
5.73872e-61
2.09307e-60
7.60385e-60
2.7514e-59
9.91592e-59
3.55929e-58
1.27243e-57
4.53041e-57
1.60643e-56
5.67275e-56
1.99493e-55
6.98635e-55
2.43642e-54
8.46103e-54
2.92585e-53
1.00746e-52
3.45414e-52
1.17918e-51
4.00803e-51
1.35639e-50
4.57018e-50
1.53307e-49
5.11986e-49
1.70221e-48
5.63396e-48
1.8563e-47
6.08844e-47
1.98781e-46
6.46011e-46
2.08974e-45
6.72851e-45
2.15629e-44
6.87771e-44
2.18332e-43
6.89786e-43
2.16881e-42
6.78623e-42
2.1131e-41
6.54759e-41
2.01884e-40
6.19396e-40
1.89089e-39
5.74356e-39
1.7358e-38
5.21927e-38
1.56133e-37
4.64667e-37
1.37574e-36
4.05196e-36
1.18717e-35
3.45989e-35
1.003e-34
2.89213e-34
8.29453e-34
2.36597e-33
6.71207e-33
1.89373e-32
5.31343e-32
1.48257e-31
4.1136e-31
1.13495e-30
3.11365e-30
8.49334e-30
2.3035e-29
6.21132e-29
1.66513e-28
4.43774e-28
1.17574e-27
3.09655e-27
8.10673e-27
2.10958e-26
5.45646e-26
1.40273e-25
3.58398e-25
9.10061e-25
2.29651e-24
5.75894e-24
1.43507e-23
3.55339e-23
8.74245e-23
2.1371e-22
5.19037e-22
1.25238e-21
3.00204e-21
7.14862e-21
1.69096e-20
3.97311e-20
9.27244e-20
2.14933e-19
4.94811e-19
1.13131e-18
2.56868e-18
5.79167e-18
1.29671e-17
2.88275e-17
6.36319e-17
1.39453e-16
3.03417e-16
6.55384e-16
1.40531e-15
2.99121e-15
6.31976e-15
1.32529e-14
2.75839e-14
5.69792e-14
1.16807e-13
2.37625e-13
4.79695e-13
9.60874e-13
1.90974e-12
3.76588e-12
7.36752e-12
1.42994e-11
2.75318e-11
5.25835e-11
9.96186e-11
1.87192e-10
3.48873e-10
6.44852e-10
1.18207e-09
2.14881e-09
3.87347e-09
6.92358e-09
1.22707e-08
2.15622e-08
3.75652e-08
6.48818e-08
1.11093e-07
1.88564e-07
3.17262e-07
5.2911e-07
8.7463e-07
1.43296e-06
2.3268e-06
3.74438e-06
5.97146e-06
9.43725e-06
1.47794e-05
2.29352e-05
3.52668e-05
5.37321e-05
8.11133e-05
0.000121319
0.000179777
0.000263934
0.000383888
0.000553162
0.000789643
0.00111669
0.00156444
0.00217119
0.00298505
0.00406555
0.0054853
0.0073316
0.00970774
0.012734
0.0165482
0.021305
0.0271752
0.0343433
0.0430036
0.0533563
0.0656005
0.0799278
0.0965139
0.115509
0.137032
0.161155
0.187903
0.217241
0.249075
0.283243
0.319519
0.357618
0.397199
0.437872
0.479215
0.520785
0.562128
0.602801
0.642382
0.680481
0.716757
0.750925
0.782759
0.812097
0.838845
0.862968
0.884491
0.903486
0.920072
0.934399
0.946644
0.956996
0.965657
0.972825
0.978695
0.983452
0.987266
0.990292
0.992668
0.994515
0.995934
0.997015
0.997829
0.998436
0.998883
0.99921
0.999447
0.999616
0.999736
0.99982
0.999879
0.999919
0.999946
0.999965
0.999977
0.999985
0.999991
0.999994
0.999996
0.999998
0.999999
0.999999
0.999999
1
1
1
1
0.999999
0.999999
0.999999
0.999998
0.999996
0.999994
0.999991
0.999985
0.999977
0.999965
0.999946
0.999919
0.999879
0.99982
0.999736
0.999616
0.999447
0.99921
0.998883
0.998436
0.997829
0.997015
0.995934
0.994515
0.992668
0.990292
0.987266
0.983452
0.978695
0.972825
0.965657
0.956996
0.946644
0.934399
0.920072
0.903486
0.884491
0.862968
0.838845
0.812097
0.782759
0.750925
0.716757
0.680481
0.642382
0.602801
0.562128
0.520785
0.479215
0.437872
0.397199
0.357618
0.319519
0.283243
0.249075
0.217241
0.187903
0.161155
0.137032
0.115509
0.0965139
0.0799278
0.0656005
0.0533563
0.0430036
0.0343433
0.0271752
0.021305
0.0165482
0.012734
0.00970774
0.0073316
0.0054853
0.00406555
0.00298505
0.00217119
0.00156444
0.00111669
0.000789643
0.000553162
0.000383888
0.000263934
0.000179777
0.000121319
8.11133e-05
5.37321e-05
3.52668e-05
2.29352e-05
1.47794e-05
9.43725e-06
5.97146e-06
3.74438e-06
2.3268e-06
1.43296e-06
8.7463e-07
5.2911e-07
3.17262e-07
1.88564e-07
1.11093e-07
6.48818e-08
3.75652e-08
2.15622e-08
1.22707e-08
6.92358e-09
3.87347e-09
2.14881e-09
1.18207e-09
6.44852e-10
3.48873e-10
1.87192e-10
9.96186e-11
5.25835e-11
2.75318e-11
1.42994e-11
7.36752e-12
3.76588e-12
1.90974e-12
9.60874e-13
4.79695e-13
2.37625e-13
1.16807e-13
5.69792e-14
2.75839e-14
1.32529e-14
6.31976e-15
2.99121e-15
1.40531e-15
6.55384e-16
3.03417e-16
1.39453e-16
6.36319e-17
2.88275e-17
1.29671e-17
5.79167e-18
2.56868e-18
1.13131e-18
4.94811e-19
2.14933e-19
9.27244e-20
3.97311e-20
1.69096e-20
7.14862e-21
3.00204e-21
1.25238e-21
5.19037e-22
2.1371e-22
8.74245e-23
3.55339e-23
1.43507e-23
5.75894e-24
2.29651e-24
9.10061e-25
3.58398e-25
1.40273e-25
5.45646e-26
2.10958e-26
8.10673e-27
3.09655e-27
1.17574e-27
4.43774e-28
1.66513e-28
6.21132e-29
2.3035e-29
8.49334e-30
3.11365e-30
1.13495e-30
4.1136e-31
1.48257e-31
5.31343e-32
1.89373e-32
6.71207e-33
2.36597e-33
8.29453e-34
2.89213e-34
1.003e-34
3.45989e-35
1.18717e-35
4.05196e-36
1.37574e-36
4.64667e-37
1.56133e-37
5.21927e-38
1.7358e-38
5.74356e-39
1.89089e-39
6.19396e-40
2.01884e-40
6.54759e-41
2.1131e-41
6.78623e-42
2.16881e-42
6.89786e-43
2.18332e-43
6.87771e-44
2.15629e-44
6.72851e-45
2.08974e-45
6.46011e-46
1.98781e-46
6.08844e-47
1.8563e-47
5.63396e-48
1.70221e-48
5.11986e-49
1.53307e-49
4.57018e-50
1.35639e-50
4.00803e-51
1.17918e-51
3.45414e-52
1.00746e-52
2.92585e-53
8.46103e-54
2.43642e-54
6.98635e-55
1.99493e-55
5.67275e-56
1.60643e-56
4.53041e-57
1.27243e-57
3.55929e-58
9.91592e-59
2.7514e-59
7.60385e-60
2.09307e-60
5.73872e-61
1.56724e-61
4.2634e-62
1.15527e-62
3.11839e-63
8.38503e-64
2.24603e-64
5.99338e-65
1.59325e-65
4.21946e-66
1.11328e-66
2.9264e-67
7.66396e-68
1.99973e-68
5.19873e-69
1.3466e-69
3.47541e-70
8.93728e-71
2.29006e-71
5.84705e-72
1.4876e-72
3.77138e-73
9.52772e-74
2.39861e-74
6.01756e-75
1.50445e-75
3.74838e-76
9.30724e-77
2.30314e-77
5.67999e-78
1.39608e-78
3.41994e-79
8.34984e-80
2.03187e-80
4.9281e-81
1.19134e-81
2.87061e-82
6.89444e-83
1.65051e-83
3.93859e-84
9.36852e-85
2.22135e-85
5.25032e-86
1.23704e-86
2.90548e-87
6.80292e-88
1.5879e-88
3.69492e-89
8.57138e-90
1.98228e-90
4.57043e-91
1.05058e-91
2.40764e-92
5.50107e-93
1.25316e-93
2.84623e-94
6.44538e-95
1.45528e-95
3.2762e-96
7.35405e-97
1.64596e-97
3.67331e-98
8.17418e-99
1.81379e-99
4.0132e-100
8.85447e-101
1.94808e-101
4.27395e-102
9.35053e-103
2.04001e-103
4.43839e-104
9.62983e-105
2.08362e-105
4.49604e-106
9.67518e-107
2.0764e-107
4.44417e-108
9.48645e-109
2.01955e-109
4.28797e-110
9.08021e-111
1.91776e-111
4.03973e-112
8.48741e-113
1.77855e-113
3.71735e-114
7.7496e-115
1.61142e-115
3.34217e-116
6.9142e-117
1.42677e-117
2.93678e-118
6.0297e-119
1.2349e-119
2.52284e-120
5.14124e-121
1.04514e-121
2.11939e-122
4.28732e-123
8.65168e-124
1.74165e-124
3.49762e-125
7.00708e-126
1.40043e-126
2.79221e-127
5.55397e-128
1.10212e-128
2.1819e-129
4.30941e-130
8.49155e-131
1.66934e-131
3.27413e-132
6.40685e-133
1.25082e-133
2.43641e-134
4.73496e-135
9.18113e-136
1.77621e-136
3.42857e-137
6.60326e-138
1.26892e-138
2.433e-139
4.65467e-140
8.8854e-141
1.69243e-141
3.21657e-142
6.09999e-143
1.15431e-143
2.17959e-144
4.1067e-145
7.72109e-146
1.44856e-146
2.71187e-147
5.06619e-148
9.44444e-149
1.75694e-149
3.26158e-150
6.04216e-151
1.117e-151
2.0607e-152
3.79386e-153
6.97035e-154
1.27802e-154
2.3385e-155
4.27025e-156
7.78199e-157
1.41531e-157
2.56887e-158
4.65332e-159
8.41236e-160
1.51779e-160
2.73303e-161
4.9116e-162
8.80945e-163
1.57698e-163
2.81744e-164
5.02391e-165
8.94107e-166
1.58818e-166
2.81564e-167
4.98223e-168
8.7992e-169
1.55109e-169
2.72905e-170
4.79256e-171
8.40054e-172
1.46972e-172
2.56657e-173
4.47369e-174
7.78349e-175
1.35171e-175
2.34311e-176
4.05424e-177
7.00218e-178
1.20717e-178
2.07739e-179
3.56848e-180
6.11882e-181
1.04731e-181
1.7894e-182
3.05188e-183
5.19587e-184
8.83045e-185
1.49811e-185
2.53712e-186
4.28925e-187
7.23879e-188
1.21954e-188
2.05105e-189
3.44357e-190
5.77159e-191
9.65694e-192
1.61303e-192
2.68973e-193
4.47754e-194
7.44111e-195
1.23454e-195
2.04478e-196
3.38113e-197
5.58155e-198
9.19872e-199
1.5135e-199
2.48612e-200
4.07708e-201
6.67522e-202
1.09113e-202
1.78065e-203
2.9012e-204
4.71929e-205
7.66439e-206
1.24275e-206
2.01184e-207
3.25171e-208
5.24738e-209
8.45445e-210
1.36002e-210
2.18434e-211
3.50281e-212
5.60835e-213
8.96556e-214
1.43102e-214
2.28058e-215
3.6289e-216
5.7655e-217
9.14608e-218
1.44867e-218
2.29111e-219
3.61795e-220
5.70458e-221
8.98113e-222
1.41184e-222
2.21611e-223
3.47336e-224
5.43579e-225
8.49439e-226
1.32544e-226
2.06513e-227
3.21292e-228
4.99132e-229
7.7428e-230
1.19936e-230
1.85512e-231
2.86528e-232
4.41913e-233
6.80586e-234
1.04667e-234
1.60736e-235
2.46492e-236
3.77463e-237
5.7721e-238
8.81416e-239
1.34406e-239
2.04667e-240
3.11223e-241
4.72597e-242
7.16652e-243
1.08524e-243
1.64113e-244
2.47836e-245
3.73758e-246
5.62891e-247
8.46577e-248
1.27151e-248
1.90714e-249
2.85669e-250
4.27324e-251
6.38366e-252
9.52361e-253
1.41891e-253
2.11121e-254
3.13738e-255
4.6734e-256
8.1163e-257
)
;

boundaryField
{
    sides
    {
        type            zeroGradient;
    }
    empty
    {
        type            empty;
    }
}


// ************************************************************************* //
