/*--------------------------------*- C++ -*----------------------------------*\
| =========                 |                                                 |
| \\      /  F ield         | OpenFOAM: The Open Source CFD Toolbox           |
|  \\    /   O peration     | Version:  2312                                  |
|   \\  /    A nd           | Website:  www.openfoam.com                      |
|    \\/     M anipulation  |                                                 |
\*---------------------------------------------------------------------------*/
FoamFile
{
    version     2.0;
    format      ascii;
    arch        "LSB;label=32;scalar=64";
    class       volScalarField;
    location    "4.2";
    object      T;
}
// * * * * * * * * * * * * * * * * * * * * * * * * * * * * * * * * * * * * * //

dimensions      [0 0 0 1 0 0 0];

internalField   nonuniform List<scalar> 
1000
(
1.96463e-76
2.99766e-76
5.64677e-76
1.13268e-75
2.30618e-75
4.70771e-75
9.60659e-75
1.95823e-74
3.98676e-74
8.10626e-74
1.64612e-73
3.3384e-73
6.76167e-73
1.36775e-72
2.76308e-72
5.57462e-72
1.12324e-71
2.26028e-71
4.54242e-71
9.11682e-71
1.82739e-70
3.65807e-70
7.3131e-70
1.4601e-69
2.91133e-69
5.79736e-69
1.15291e-68
2.28976e-68
4.54162e-68
8.99617e-68
1.77963e-67
3.51583e-67
6.93663e-67
1.36676e-66
2.68944e-66
5.28508e-66
1.0372e-65
2.03281e-65
3.97877e-65
7.77717e-65
1.51815e-64
2.95954e-64
5.76172e-64
1.1202e-63
2.175e-63
4.21731e-63
8.16636e-63
1.57919e-62
3.04969e-62
5.88153e-62
1.13276e-61
2.17869e-61
4.18471e-61
8.02687e-61
1.53758e-60
2.94128e-60
5.61881e-60
1.07192e-59
2.04214e-59
3.88522e-59
7.38162e-59
1.40053e-58
2.65363e-58
5.02101e-58
9.48737e-58
1.79021e-57
3.37336e-57
6.34779e-57
1.19285e-56
2.23844e-56
4.19476e-56
7.84997e-56
1.46699e-55
2.73768e-55
5.10194e-55
9.49477e-55
1.76453e-54
3.27468e-54
6.0688e-54
1.12313e-53
2.07564e-53
3.83058e-53
7.05942e-53
1.29917e-52
2.38754e-52
4.38154e-52
8.02957e-52
1.46942e-51
2.68526e-51
4.90021e-51
8.92955e-51
1.62491e-50
2.95268e-50
5.3578e-50
9.70824e-50
1.75662e-49
3.17393e-49
5.72663e-49
1.03177e-48
1.85629e-48
3.33495e-48
5.9829e-48
1.0718e-47
1.91731e-47
3.42491e-47
6.10917e-47
1.08816e-46
1.93542e-46
3.43744e-46
6.09633e-46
1.07963e-45
1.90921e-45
3.37137e-45
5.94469e-45
1.0467e-44
1.84029e-44
3.23088e-44
5.66399e-44
9.91501e-44
1.73313e-43
3.02508e-43
5.27239e-43
9.17581e-43
1.59458e-42
2.76702e-42
4.79448e-42
8.29535e-42
1.43314e-41
2.47233e-41
4.25877e-41
7.32525e-41
1.25812e-40
2.15764e-40
3.69482e-40
6.31782e-40
1.07869e-39
1.83902e-39
3.13061e-39
5.32142e-39
9.03193e-39
1.53069e-38
2.59029e-38
4.37685e-38
7.3846e-38
1.24407e-37
2.09272e-37
3.51503e-37
5.89517e-37
9.87217e-37
1.65073e-36
2.75606e-36
4.5946e-36
7.6481e-36
1.27117e-35
2.1096e-35
3.49576e-35
5.78397e-35
9.55551e-35
1.57625e-34
2.59619e-34
4.26963e-34
7.01108e-34
1.14953e-33
1.88188e-33
3.07614e-33
5.02061e-33
8.18172e-33
1.33128e-32
2.16288e-32
3.50856e-32
5.6828e-32
9.19029e-32
1.48399e-31
2.39257e-31
3.85151e-31
6.19056e-31
9.93482e-31
1.59192e-30
2.5469e-30
4.06849e-30
6.48908e-30
1.03338e-29
1.64311e-29
2.60856e-29
4.13485e-29
6.54403e-29
1.03409e-28
1.63152e-28
2.57011e-28
4.04236e-28
6.34807e-28
9.95338e-28
1.55819e-27
2.43553e-27
3.80089e-27
5.9224e-27
9.2136e-27
1.43113e-26
2.21947e-26
3.43665e-26
5.31299e-26
8.20085e-26
1.26385e-25
1.94467e-25
2.98753e-25
4.5824e-25
7.01757e-25
1.07299e-24
1.638e-24
2.49658e-24
3.79916e-24
5.7722e-24
8.75599e-24
1.32611e-23
2.00522e-23
3.02728e-23
4.56301e-23
6.86686e-23
1.03174e-22
1.54772e-22
2.31802e-22
3.46616e-22
5.17468e-22
7.71301e-22
1.1478e-21
1.70535e-21
2.52966e-21
3.7464e-21
5.53945e-21
8.17749e-21
1.20524e-20
1.77349e-20
2.60544e-20
3.8215e-20
5.59609e-20
8.1815e-20
1.1942e-19
1.74029e-19
2.53198e-19
3.67786e-19
5.33366e-19
7.72236e-19
1.11627e-18
1.61095e-18
2.32107e-18
3.33878e-18
4.79489e-18
6.87483e-18
9.84095e-18
1.40638e-17
2.00659e-17
2.85828e-17
4.06481e-17
5.77118e-17
8.18046e-17
1.15765e-16
1.63556e-16
2.30698e-16
3.24868e-16
4.56726e-16
6.41048e-16
8.98277e-16
1.25665e-15
1.75511e-15
2.44725e-15
3.40672e-15
4.73453e-15
6.56902e-15
9.09926e-15
1.25833e-14
1.73725e-14
2.39449e-14
3.29492e-14
4.52644e-14
6.20795e-14
8.50001e-14
1.1619e-13
1.58562e-13
2.16026e-13
2.93827e-13
3.98984e-13
5.40874e-13
7.32004e-13
9.89025e-13
1.33407e-12
1.79649e-12
2.41516e-12
3.24147e-12
4.34324e-12
5.80978e-12
7.75855e-12
1.03437e-11
1.37671e-11
1.82929e-11
2.4266e-11
3.21354e-11
4.24857e-11
5.60756e-11
7.38885e-11
9.71966e-11
1.27643e-10
1.67345e-10
2.19028e-10
2.86192e-10
3.73323e-10
4.86164e-10
6.32048e-10
8.20326e-10
1.0629e-09
1.37489e-09
1.77546e-09
2.28888e-09
2.9458e-09
3.78489e-09
4.85478e-09
6.21662e-09
7.94706e-09
1.01421e-08
1.29215e-08
1.64349e-08
2.08684e-08
2.64531e-08
3.34759e-08
4.22916e-08
5.33387e-08
6.71578e-08
8.44146e-08
1.05927e-07
1.32696e-07
1.6595e-07
2.07187e-07
2.58235e-07
3.21316e-07
3.99132e-07
4.94955e-07
6.12747e-07
7.5729e-07
9.3435e-07
1.15086e-06
1.41515e-06
1.73719e-06
2.12892e-06
2.60457e-06
3.18112e-06
3.87873e-06
4.72135e-06
5.73733e-06
6.96016e-06
8.42939e-06
1.01915e-05
1.23013e-05
1.48228e-05
1.7831e-05
2.14135e-05
2.56726e-05
3.07269e-05
3.67145e-05
4.3795e-05
5.21532e-05
6.20021e-05
7.35872e-05
8.71902e-05
0.000103134
0.00012179
0.000143578
0.000168981
0.000198545
0.000232892
0.000272723
0.000318832
0.000372115
0.000433578
0.00050435
0.000585697
0.000679032
0.000785932
0.000908149
0.00104763
0.00120653
0.00138723
0.00159235
0.00182478
0.00208769
0.00238454
0.00271911
0.00309553
0.00351827
0.00399218
0.00452251
0.00511492
0.00577548
0.00651073
0.00732763
0.00823364
0.00923668
0.0103451
0.0115679
0.0129144
0.0143944
0.0160183
0.0177968
0.0197413
0.0218633
0.0241749
0.0266886
0.0294171
0.0323734
0.0355709
0.0390229
0.0427431
0.0467451
0.0510424
0.0556486
0.0605771
0.0658408
0.0714525
0.0774245
0.0837684
0.0904952
0.0976153
0.105138
0.113072
0.121424
0.130202
0.139409
0.149049
0.159125
0.169638
0.180586
0.191967
0.203777
0.216011
0.228659
0.241713
0.255162
0.268992
0.283189
0.297735
0.312614
0.327805
0.343286
0.359035
0.375028
0.391238
0.407639
0.424204
0.440904
0.45771
0.474591
0.491518
0.50846
0.525386
0.542265
0.559069
0.575765
0.592326
0.608722
0.624926
0.64091
0.65665
0.67212
0.687297
0.702161
0.716689
0.730864
0.744669
0.758088
0.771108
0.783717
0.795903
0.80766
0.81898
0.829858
0.840289
0.850272
0.859805
0.86889
0.877528
0.885722
0.893475
0.900792
0.90768
0.914144
0.920191
0.925828
0.931064
0.935905
0.940359
0.944435
0.94814
0.951481
0.954466
0.957101
0.959393
0.961346
0.962966
0.964257
0.965222
0.965864
0.966185
0.966185
0.965864
0.965222
0.964257
0.962966
0.961346
0.959393
0.957101
0.954466
0.951481
0.94814
0.944435
0.940359
0.935905
0.931064
0.925828
0.920191
0.914144
0.90768
0.900792
0.893475
0.885722
0.877528
0.86889
0.859805
0.850272
0.840289
0.829858
0.81898
0.80766
0.795903
0.783717
0.771108
0.758088
0.744669
0.730864
0.716689
0.702161
0.687297
0.67212
0.65665
0.64091
0.624926
0.608722
0.592326
0.575765
0.559069
0.542265
0.525386
0.50846
0.491518
0.474591
0.45771
0.440904
0.424204
0.407639
0.391238
0.375028
0.359035
0.343286
0.327805
0.312614
0.297735
0.283189
0.268992
0.255162
0.241713
0.228659
0.216011
0.203777
0.191967
0.180586
0.169638
0.159125
0.149049
0.139409
0.130202
0.121424
0.113072
0.105138
0.0976153
0.0904952
0.0837684
0.0774245
0.0714525
0.0658408
0.0605771
0.0556486
0.0510424
0.0467451
0.0427431
0.0390229
0.0355709
0.0323734
0.0294171
0.0266886
0.0241749
0.0218633
0.0197413
0.0177968
0.0160183
0.0143944
0.0129144
0.0115679
0.0103451
0.00923668
0.00823364
0.00732763
0.00651073
0.00577548
0.00511492
0.00452251
0.00399218
0.00351827
0.00309553
0.00271911
0.00238454
0.00208769
0.00182478
0.00159235
0.00138723
0.00120653
0.00104763
0.000908149
0.000785932
0.000679032
0.000585697
0.00050435
0.000433578
0.000372115
0.000318832
0.000272723
0.000232892
0.000198545
0.000168981
0.000143578
0.00012179
0.000103134
8.71902e-05
7.35872e-05
6.20021e-05
5.21532e-05
4.3795e-05
3.67145e-05
3.07269e-05
2.56726e-05
2.14135e-05
1.7831e-05
1.48228e-05
1.23013e-05
1.01915e-05
8.42939e-06
6.96016e-06
5.73733e-06
4.72135e-06
3.87873e-06
3.18112e-06
2.60457e-06
2.12892e-06
1.73719e-06
1.41515e-06
1.15086e-06
9.3435e-07
7.5729e-07
6.12747e-07
4.94955e-07
3.99132e-07
3.21316e-07
2.58235e-07
2.07187e-07
1.6595e-07
1.32696e-07
1.05927e-07
8.44146e-08
6.71578e-08
5.33387e-08
4.22916e-08
3.34759e-08
2.64531e-08
2.08684e-08
1.64349e-08
1.29215e-08
1.01421e-08
7.94706e-09
6.21662e-09
4.85478e-09
3.78489e-09
2.9458e-09
2.28888e-09
1.77546e-09
1.37489e-09
1.0629e-09
8.20326e-10
6.32048e-10
4.86164e-10
3.73323e-10
2.86192e-10
2.19028e-10
1.67345e-10
1.27643e-10
9.71966e-11
7.38885e-11
5.60756e-11
4.24857e-11
3.21354e-11
2.4266e-11
1.82929e-11
1.37671e-11
1.03437e-11
7.75855e-12
5.80978e-12
4.34324e-12
3.24147e-12
2.41516e-12
1.79649e-12
1.33407e-12
9.89025e-13
7.32004e-13
5.40874e-13
3.98984e-13
2.93827e-13
2.16026e-13
1.58562e-13
1.1619e-13
8.50001e-14
6.20795e-14
4.52644e-14
3.29492e-14
2.39449e-14
1.73725e-14
1.25833e-14
9.09926e-15
6.56902e-15
4.73453e-15
3.40672e-15
2.44725e-15
1.75511e-15
1.25665e-15
8.98277e-16
6.41048e-16
4.56726e-16
3.24868e-16
2.30698e-16
1.63556e-16
1.15765e-16
8.18046e-17
5.77118e-17
4.06481e-17
2.85828e-17
2.00659e-17
1.40638e-17
9.84095e-18
6.87483e-18
4.79489e-18
3.33878e-18
2.32107e-18
1.61095e-18
1.11627e-18
7.72236e-19
5.33366e-19
3.67786e-19
2.53198e-19
1.74029e-19
1.1942e-19
8.1815e-20
5.59609e-20
3.8215e-20
2.60544e-20
1.77349e-20
1.20524e-20
8.17749e-21
5.53945e-21
3.7464e-21
2.52966e-21
1.70535e-21
1.1478e-21
7.71301e-22
5.17468e-22
3.46616e-22
2.31802e-22
1.54772e-22
1.03174e-22
6.86686e-23
4.56301e-23
3.02728e-23
2.00522e-23
1.32611e-23
8.75599e-24
5.7722e-24
3.79916e-24
2.49658e-24
1.638e-24
1.07299e-24
7.01757e-25
4.5824e-25
2.98753e-25
1.94467e-25
1.26385e-25
8.20085e-26
5.31299e-26
3.43665e-26
2.21947e-26
1.43113e-26
9.2136e-27
5.9224e-27
3.80089e-27
2.43553e-27
1.55819e-27
9.95338e-28
6.34807e-28
4.04236e-28
2.57011e-28
1.63152e-28
1.03409e-28
6.54403e-29
4.13485e-29
2.60856e-29
1.64311e-29
1.03338e-29
6.48908e-30
4.06849e-30
2.5469e-30
1.59192e-30
9.93482e-31
6.19056e-31
3.85151e-31
2.39257e-31
1.48399e-31
9.19029e-32
5.6828e-32
3.50856e-32
2.16288e-32
1.33128e-32
8.18172e-33
5.02061e-33
3.07614e-33
1.88188e-33
1.14953e-33
7.01108e-34
4.26963e-34
2.59619e-34
1.57625e-34
9.55551e-35
5.78397e-35
3.49576e-35
2.1096e-35
1.27117e-35
7.6481e-36
4.5946e-36
2.75606e-36
1.65073e-36
9.87217e-37
5.89517e-37
3.51503e-37
2.09272e-37
1.24407e-37
7.3846e-38
4.37685e-38
2.59029e-38
1.53069e-38
9.03193e-39
5.32142e-39
3.13061e-39
1.83902e-39
1.07869e-39
6.31782e-40
3.69482e-40
2.15764e-40
1.25812e-40
7.32525e-41
4.25877e-41
2.47233e-41
1.43314e-41
8.29535e-42
4.79448e-42
2.76702e-42
1.59458e-42
9.17581e-43
5.27239e-43
3.02508e-43
1.73313e-43
9.91501e-44
5.66399e-44
3.23088e-44
1.84029e-44
1.0467e-44
5.94469e-45
3.37137e-45
1.90921e-45
1.07963e-45
6.09633e-46
3.43744e-46
1.93542e-46
1.08816e-46
6.10917e-47
3.42491e-47
1.91731e-47
1.0718e-47
5.9829e-48
3.33495e-48
1.85629e-48
1.03177e-48
5.72663e-49
3.17393e-49
1.75662e-49
9.70824e-50
5.3578e-50
2.95268e-50
1.62491e-50
8.92955e-51
4.90021e-51
2.68526e-51
1.46942e-51
8.02957e-52
4.38154e-52
2.38754e-52
1.29917e-52
7.05942e-53
3.83058e-53
2.07564e-53
1.12313e-53
6.0688e-54
3.27468e-54
1.76453e-54
9.49477e-55
5.10194e-55
2.73768e-55
1.46699e-55
7.84997e-56
4.19476e-56
2.23844e-56
1.19285e-56
6.34779e-57
3.37336e-57
1.79021e-57
9.48737e-58
5.02101e-58
2.65363e-58
1.40053e-58
7.38162e-59
3.88522e-59
2.04214e-59
1.07192e-59
5.61881e-60
2.94128e-60
1.53758e-60
8.02687e-61
4.18471e-61
2.17869e-61
1.13276e-61
5.88153e-62
3.04969e-62
1.57919e-62
8.16636e-63
4.21731e-63
2.175e-63
1.1202e-63
5.76172e-64
2.95954e-64
1.51815e-64
7.77717e-65
3.97877e-65
2.03281e-65
1.0372e-65
5.28508e-66
2.68944e-66
1.36676e-66
6.93663e-67
3.51583e-67
1.77963e-67
8.99617e-68
4.54162e-68
2.28976e-68
1.15291e-68
5.79736e-69
2.91133e-69
1.4601e-69
7.3131e-70
3.65807e-70
1.82739e-70
9.11682e-71
4.54242e-71
2.26028e-71
1.12324e-71
5.57462e-72
2.76308e-72
1.36775e-72
6.76167e-73
3.3384e-73
1.64612e-73
8.10626e-74
3.98676e-74
1.95823e-74
9.60659e-75
4.70771e-75
2.30618e-75
1.13268e-75
5.64677e-76
2.99766e-76
1.96463e-76
)
;

boundaryField
{
    sides
    {
        type            zeroGradient;
    }
    empty
    {
        type            empty;
    }
}


// ************************************************************************* //
