/*--------------------------------*- C++ -*----------------------------------*\
| =========                 |                                                 |
| \\      /  F ield         | OpenFOAM: The Open Source CFD Toolbox           |
|  \\    /   O peration     | Version:  2312                                  |
|   \\  /    A nd           | Website:  www.openfoam.com                      |
|    \\/     M anipulation  |                                                 |
\*---------------------------------------------------------------------------*/
FoamFile
{
    version     2.0;
    format      ascii;
    arch        "LSB;label=32;scalar=64";
    class       volScalarField;
    location    "0.1";
    object      T;
}
// * * * * * * * * * * * * * * * * * * * * * * * * * * * * * * * * * * * * * //

dimensions      [0 0 0 1 0 0 0];

internalField   nonuniform List<scalar> 
1000
(
0
0
0
0
0
0
0
0
0
0
0
0
0
0
0
0
0
0
0
0
0
0
0
0
0
0
0
0
0
0
0
0
0
0
0
0
0
0
0
0
0
0
0
0
0
0
0
0
0
0
0
0
0
0
0
0
0
0
0
0
0
0
0
0
0
0
0
0
0
0
0
0
0
0
0
0
0
0
0
0
0
0
0
0
0
0
0
0
0
0
0
0
0
0
0
0
0
0
0
0
0
0
0
0
0
0
0
0
0
0
0
0
0
0
0
0
0
0
0
0
0
0
0
0
0
0
0
0
0
0
0
0
0
0
0
0
0
0
0
0
0
0
0
0
0
0
0
0
0
0
0
0
0
0
0
0
0
0
0
0
0
0
0
0
0
0
0
0
0
0
0
0
0
0
0
0
0
0
0
0
0
0
0
0
0
0
0
0
0
0
0
0
0
0
0
0
0
0
0
0
0
0
0
0
0
0
0
0
0
0
0
0
0
0
0
0
0
0
0
0
0
0
0
0
0
0
0
0
0
0
0
0
0
0
0
0
0
0
0
0
0
0
0
0
0
0
0
0
0
0
0
0
0
0
0
0
0
0
0
0
0
0
0
0
0
0
0
0
0
0
0
0
0
0
0
0
0
0
0
0
0
0
0
0
0
0
0
0
0
0
0
0
0
0
0
0
0
0
0
0
0
0
0
0
0
0
0
0
0
0
0
0
0
0
0
0
0
0
0
0
0
0
0
0
0
0
0
0
4.70845e-321
3.7348e-318
2.94037e-315
2.30628e-312
1.80208e-309
1.40271e-306
1.08761e-303
8.39968e-301
6.46128e-298
4.95012e-295
3.77686e-292
2.86971e-289
2.17127e-286
1.63581e-283
1.22706e-280
9.16417e-278
6.81368e-275
5.0432e-272
3.71568e-269
2.72488e-266
1.98887e-263
1.44472e-260
1.04435e-257
7.51218e-255
5.37661e-252
3.82861e-249
2.71225e-246
1.91135e-243
1.33978e-240
9.34067e-238
6.47639e-235
4.4654e-232
3.06141e-229
2.08678e-226
1.4141e-223
9.52568e-221
6.37787e-218
4.24401e-215
2.80641e-212
1.84397e-209
1.20374e-206
7.80628e-204
5.02841e-201
3.21693e-198
2.04373e-195
1.2892e-192
8.0737e-190
5.01907e-187
3.09678e-184
1.89614e-181
1.15197e-178
6.94309e-176
4.15086e-173
2.46108e-170
1.44691e-167
8.43355e-165
4.87252e-162
2.78991e-159
1.58284e-156
8.89623e-154
4.95233e-151
2.72994e-148
1.48984e-145
8.04772e-143
4.30176e-140
2.27485e-137
1.18983e-134
6.15346e-132
3.14587e-129
1.58936e-126
7.93298e-124
3.91061e-121
1.90329e-118
9.14262e-116
4.33299e-113
2.02532e-110
9.33304e-108
4.23836e-105
1.89597e-102
8.35093e-100
3.61994e-97
1.54354e-94
6.47087e-92
2.66561e-89
1.07838e-86
4.28181e-84
1.66756e-81
6.36568e-79
2.38014e-76
8.71017e-74
3.1172e-71
1.09004e-68
3.72104e-66
1.2388e-63
4.01785e-61
1.26811e-58
3.89012e-56
1.15835e-53
3.34333e-51
9.33917e-49
2.5206e-46
6.56107e-44
1.64381e-41
3.95532e-39
9.11816e-37
2.00843e-34
4.21428e-32
8.39525e-30
1.5817e-27
2.80606e-25
4.66411e-23
7.2211e-21
1.03423e-18
1.35911e-16
1.62256e-14
1.7383e-12
1.64537e-10
1.34824e-08
9.30145e-07
5.18992e-05
0.0021986
0.0630961
0.936904
0.997801
0.999948
0.999999
1
1
1
1
1
1
1
1
1
1
1
1
1
1
1
1
1
1
1
1
1
1
1
1
1
1
1
1
1
1
1
1
1
1
1
1
1
1
1
1
1
1
1
1
1
1
1
1
1
1
1
1
1
1
1
1
1
1
1
1
1
1
1
1
1
1
1
1
1
1
1
1
1
1
1
1
1
1
1
1
1
1
1
1
1
1
1
1
1
1
1
1
0.999999
0.999948
0.997801
0.936904
0.0630961
0.0021986
5.18992e-05
9.30145e-07
1.34824e-08
1.64537e-10
1.7383e-12
1.62256e-14
1.35911e-16
1.03423e-18
7.2211e-21
4.66411e-23
2.80606e-25
1.5817e-27
8.39525e-30
4.21428e-32
2.00843e-34
9.11816e-37
3.95532e-39
1.64381e-41
6.56107e-44
2.5206e-46
9.33917e-49
3.34333e-51
1.15835e-53
3.89012e-56
1.26811e-58
4.01785e-61
1.2388e-63
3.72104e-66
1.09004e-68
3.1172e-71
8.71017e-74
2.38014e-76
6.36568e-79
1.66756e-81
4.28181e-84
1.07838e-86
2.66561e-89
6.47087e-92
1.54354e-94
3.61994e-97
8.35093e-100
1.89597e-102
4.23836e-105
9.33304e-108
2.02532e-110
4.33299e-113
9.14262e-116
1.90329e-118
3.91061e-121
7.93298e-124
1.58936e-126
3.14587e-129
6.15346e-132
1.18983e-134
2.27485e-137
4.30176e-140
8.04772e-143
1.48984e-145
2.72994e-148
4.95233e-151
8.89623e-154
1.58284e-156
2.78991e-159
4.87252e-162
8.43355e-165
1.44691e-167
2.46108e-170
4.15086e-173
6.94309e-176
1.15197e-178
1.89614e-181
3.09678e-184
5.01907e-187
8.0737e-190
1.2892e-192
2.04373e-195
3.21693e-198
5.02841e-201
7.80628e-204
1.20374e-206
1.84397e-209
2.80641e-212
4.24401e-215
6.37787e-218
9.52568e-221
1.4141e-223
2.08678e-226
3.06141e-229
4.4654e-232
6.47639e-235
9.34067e-238
1.33978e-240
1.91135e-243
2.71225e-246
3.82861e-249
5.37661e-252
7.51218e-255
1.04435e-257
1.44472e-260
1.98887e-263
2.72488e-266
3.71568e-269
5.0432e-272
6.81368e-275
9.16417e-278
1.22706e-280
1.63581e-283
2.17127e-286
2.86971e-289
3.77686e-292
4.95012e-295
6.46128e-298
8.39968e-301
1.08761e-303
1.40271e-306
1.80208e-309
2.30628e-312
2.94037e-315
3.7348e-318
4.70845e-321
0
0
0
0
0
0
0
0
0
0
0
0
0
0
0
0
0
0
0
0
0
0
0
0
0
0
0
0
0
0
0
0
0
0
0
0
0
0
0
0
0
0
0
0
0
0
0
0
0
0
0
0
0
0
0
0
0
0
0
0
0
0
0
0
0
0
0
0
0
0
0
0
0
0
0
0
0
0
0
0
0
0
0
0
0
0
0
0
0
0
0
0
0
0
0
0
0
0
0
0
0
0
0
0
0
0
0
0
0
0
0
0
0
0
0
0
0
0
0
0
0
0
0
0
0
0
0
0
0
0
0
0
0
0
0
0
0
0
0
0
0
0
0
0
0
0
0
0
0
0
0
0
0
0
0
0
0
0
0
0
0
0
0
0
0
0
0
0
0
0
0
0
0
0
0
0
0
0
0
0
0
0
0
0
0
0
0
0
0
0
0
0
0
0
0
0
0
0
0
0
0
0
0
0
0
0
0
0
0
0
0
0
0
0
0
0
0
0
0
0
0
0
0
0
0
0
0
0
0
0
0
0
0
0
0
0
0
0
0
0
0
0
0
0
0
0
0
0
0
0
0
0
0
0
0
0
0
0
0
0
0
0
0
0
0
0
0
0
0
0
0
0
0
0
0
0
0
0
0
0
0
0
0
0
0
0
0
0
0
0
0
0
0
0
0
0
0
0
0
0
0
0
0
0
0
0
0
0
0
0
0
0
0
0
0
0
0
0
0
0
0
0
0
0
0
0
0
0
)
;

boundaryField
{
    sides
    {
        type            zeroGradient;
    }
    empty
    {
        type            empty;
    }
}


// ************************************************************************* //
