/*--------------------------------*- C++ -*----------------------------------*\
| =========                 |                                                 |
| \\      /  F ield         | OpenFOAM: The Open Source CFD Toolbox           |
|  \\    /   O peration     | Version:  2312                                  |
|   \\  /    A nd           | Website:  www.openfoam.com                      |
|    \\/     M anipulation  |                                                 |
\*---------------------------------------------------------------------------*/
FoamFile
{
    version     2.0;
    format      ascii;
    arch        "LSB;label=32;scalar=64";
    class       volScalarField;
    location    "1";
    object      T;
}
// * * * * * * * * * * * * * * * * * * * * * * * * * * * * * * * * * * * * * //

dimensions      [0 0 0 1 0 0 0];

internalField   nonuniform List<scalar> 
1000
(
0
0
0
0
0
0
0
0
0
0
0
0
0
0
0
0
0
0
0
0
0
0
0
0
0
0
0
0
0
0
0
0
0
0
0
0
0
0
0
0
0
0
0
0
0
0
0
0
0
0
0
0
0
0
0
0
0
0
0
0
0
0
0
0
0
0
0
0
0
0
0
0
0
0
0
0
0
0
0
0
0
0
0
0
0
0
0
0
0
0
0
0
0
0
0
0
0
0
0
0
0
0
0
0
0
0
0
0
0
0
0
0
0
0
0
0
0
0
0
0
0
0
0
0
0
0
0
0
0
0
0
0
0
0
0
0
0
0
0
0
0
0
0
0
0
0
0
0
0
0
0
0
0
0
0
0
0
0
0
0
0
0
0
0
0
0
0
0
0
0
0
0
0
0
0
0
0
0
0
0
0
0
0
0
0
0
0
0
0
0
0
0
0
0
0
0
0
0
0
0
0
0
0
0
0
0
0
0
0
0
0
0
0
0
0
0
0
0
0
0
0
0
0
0
0
0
0
0
0
0
0
0
0
0
0
0
0
0
0
0
0
0
0
0
0
0
0
0
0
0
0
0
0
0
0
0
0
0
0
0
0
0
0
0
0
0
0
0
0
0
0
0
0
0
0
0
0
0
0
0
0
0
0
7.90505e-322
1.69277e-319
3.45367e-317
7.00811e-315
1.41466e-312
2.84069e-310
5.67408e-308
1.12733e-305
2.22781e-303
4.37882e-301
8.55994e-299
1.66419e-296
3.21763e-294
6.18661e-292
1.18287e-289
2.24888e-287
4.25134e-285
7.99092e-283
1.49334e-280
2.77458e-278
5.12493e-276
9.41053e-274
1.71773e-271
3.11667e-269
5.62084e-267
1.00755e-264
1.795e-262
3.17814e-260
5.59207e-258
9.77781e-256
1.69886e-253
2.93289e-251
5.03078e-249
8.57342e-247
1.45153e-244
2.44135e-242
4.07888e-240
6.76913e-238
1.11579e-235
1.82668e-233
2.96996e-231
4.79531e-229
7.68841e-227
1.224e-224
1.93476e-222
3.03629e-220
4.73043e-218
7.31598e-216
1.12313e-213
1.71135e-211
2.58806e-209
3.88421e-207
5.78487e-205
8.54899e-203
1.25353e-200
1.82355e-198
2.63167e-196
3.7674e-194
5.34952e-192
7.5338e-190
1.05221e-187
1.45729e-185
2.00127e-183
2.72484e-181
3.67804e-179
4.92141e-177
6.52711e-175
8.57964e-173
1.11761e-170
1.4426e-168
1.84497e-166
2.33762e-164
2.93397e-162
3.64744e-160
4.4908e-158
5.47536e-156
6.61006e-154
7.90045e-152
9.34758e-150
1.0947e-147
1.26877e-145
1.45515e-143
1.65126e-141
1.85373e-139
2.05844e-137
2.26065e-135
2.45509e-133
2.63619e-131
2.7983e-129
2.93598e-127
3.04429e-125
3.11903e-123
3.15706e-121
3.15646e-119
3.1167e-117
3.0387e-115
2.92482e-113
2.77872e-111
2.60519e-109
2.40987e-107
2.19896e-105
1.97888e-103
1.7559e-101
1.53589e-99
1.32404e-97
1.12465e-95
9.41011e-94
7.75398e-92
6.29059e-90
5.02312e-88
3.94682e-86
3.0506e-84
2.31874e-82
1.73265e-80
1.27239e-78
9.17978e-77
6.50415e-75
4.52415e-73
3.08819e-71
2.06785e-69
1.3577e-67
8.73716e-66
5.50835e-64
3.40059e-62
2.05473e-60
1.2145e-58
7.01866e-57
3.96347e-55
2.18578e-53
1.17646e-51
6.17592e-50
3.15997e-48
1.57473e-46
7.63721e-45
3.6018e-43
1.65039e-41
7.34076e-40
3.16636e-38
1.32311e-36
5.35018e-35
2.09106e-33
7.88938e-32
2.86949e-30
1.00465e-28
3.38058e-27
1.0914e-25
3.37429e-24
9.97016e-23
2.80913e-21
7.52877e-20
1.91415e-18
4.60268e-17
1.04318e-15
2.22008e-14
4.41727e-13
8.17656e-12
1.40003e-10
2.20272e-09
3.15948e-08
4.0927e-07
4.73305e-06
4.81714e-05
0.00042366
0.00314339
0.0190417
0.0898807
0.308315
0.691685
0.910119
0.980958
0.996857
0.999576
0.999952
0.999995
1
1
1
1
1
1
1
1
1
1
1
1
1
1
1
1
1
1
1
1
1
1
1
1
1
1
1
1
1
1
1
1
1
1
1
1
1
1
1
1
1
1
1
1
1
1
1
1
1
1
1
1
1
1
1
1
1
1
1
1
1
1
1
1
1
1
1
1
1
1
1
1
1
1
1
1
1
1
1
1
1
1
1
1
1
1
0.999995
0.999952
0.999576
0.996857
0.980958
0.910119
0.691685
0.308315
0.0898807
0.0190417
0.00314339
0.00042366
4.81714e-05
4.73305e-06
4.0927e-07
3.15948e-08
2.20272e-09
1.40003e-10
8.17656e-12
4.41727e-13
2.22008e-14
1.04318e-15
4.60268e-17
1.91415e-18
7.52877e-20
2.80913e-21
9.97016e-23
3.37429e-24
1.0914e-25
3.38058e-27
1.00465e-28
2.86949e-30
7.88938e-32
2.09106e-33
5.35018e-35
1.32311e-36
3.16636e-38
7.34076e-40
1.65039e-41
3.6018e-43
7.63721e-45
1.57473e-46
3.15997e-48
6.17592e-50
1.17646e-51
2.18578e-53
3.96347e-55
7.01866e-57
1.2145e-58
2.05473e-60
3.40059e-62
5.50835e-64
8.73716e-66
1.3577e-67
2.06785e-69
3.08819e-71
4.52415e-73
6.50415e-75
9.17978e-77
1.27239e-78
1.73265e-80
2.31874e-82
3.0506e-84
3.94682e-86
5.02312e-88
6.29059e-90
7.75398e-92
9.41011e-94
1.12465e-95
1.32404e-97
1.53589e-99
1.7559e-101
1.97888e-103
2.19896e-105
2.40987e-107
2.60519e-109
2.77872e-111
2.92482e-113
3.0387e-115
3.1167e-117
3.15646e-119
3.15706e-121
3.11903e-123
3.04429e-125
2.93598e-127
2.7983e-129
2.63619e-131
2.45509e-133
2.26065e-135
2.05844e-137
1.85373e-139
1.65126e-141
1.45515e-143
1.26877e-145
1.0947e-147
9.34758e-150
7.90045e-152
6.61006e-154
5.47536e-156
4.4908e-158
3.64744e-160
2.93397e-162
2.33762e-164
1.84497e-166
1.4426e-168
1.11761e-170
8.57964e-173
6.52711e-175
4.92141e-177
3.67804e-179
2.72484e-181
2.00127e-183
1.45729e-185
1.05221e-187
7.5338e-190
5.34952e-192
3.7674e-194
2.63167e-196
1.82355e-198
1.25353e-200
8.54899e-203
5.78487e-205
3.88421e-207
2.58806e-209
1.71135e-211
1.12313e-213
7.31598e-216
4.73043e-218
3.03629e-220
1.93476e-222
1.224e-224
7.68841e-227
4.79531e-229
2.96996e-231
1.82668e-233
1.11579e-235
6.76913e-238
4.07888e-240
2.44135e-242
1.45153e-244
8.57342e-247
5.03078e-249
2.93289e-251
1.69886e-253
9.77781e-256
5.59207e-258
3.17814e-260
1.795e-262
1.00755e-264
5.62084e-267
3.11667e-269
1.71773e-271
9.41053e-274
5.12493e-276
2.77458e-278
1.49334e-280
7.99092e-283
4.25134e-285
2.24888e-287
1.18287e-289
6.18661e-292
3.21763e-294
1.66419e-296
8.55994e-299
4.37882e-301
2.22781e-303
1.12733e-305
5.67408e-308
2.84069e-310
1.41466e-312
7.00811e-315
3.45367e-317
1.69277e-319
7.90505e-322
0
0
0
0
0
0
0
0
0
0
0
0
0
0
0
0
0
0
0
0
0
0
0
0
0
0
0
0
0
0
0
0
0
0
0
0
0
0
0
0
0
0
0
0
0
0
0
0
0
0
0
0
0
0
0
0
0
0
0
0
0
0
0
0
0
0
0
0
0
0
0
0
0
0
0
0
0
0
0
0
0
0
0
0
0
0
0
0
0
0
0
0
0
0
0
0
0
0
0
0
0
0
0
0
0
0
0
0
0
0
0
0
0
0
0
0
0
0
0
0
0
0
0
0
0
0
0
0
0
0
0
0
0
0
0
0
0
0
0
0
0
0
0
0
0
0
0
0
0
0
0
0
0
0
0
0
0
0
0
0
0
0
0
0
0
0
0
0
0
0
0
0
0
0
0
0
0
0
0
0
0
0
0
0
0
0
0
0
0
0
0
0
0
0
0
0
0
0
0
0
0
0
0
0
0
0
0
0
0
0
0
0
0
0
0
0
0
0
0
0
0
0
0
0
0
0
0
0
0
0
0
0
0
0
0
0
0
0
0
0
0
0
0
0
0
0
0
0
0
0
0
0
0
0
0
0
0
0
0
0
0
0
0
0
0
0
0
0
0
0
0
0
0
0
0
0
0
0
0
0
0
0
0
)
;

boundaryField
{
    sides
    {
        type            zeroGradient;
    }
    empty
    {
        type            empty;
    }
}


// ************************************************************************* //
