/*--------------------------------*- C++ -*----------------------------------*\
| =========                 |                                                 |
| \\      /  F ield         | OpenFOAM: The Open Source CFD Toolbox           |
|  \\    /   O peration     | Version:  2312                                  |
|   \\  /    A nd           | Website:  www.openfoam.com                      |
|    \\/     M anipulation  |                                                 |
\*---------------------------------------------------------------------------*/
FoamFile
{
    version     2.0;
    format      ascii;
    arch        "LSB;label=32;scalar=64";
    class       volScalarField;
    location    "1.8";
    object      T;
}
// * * * * * * * * * * * * * * * * * * * * * * * * * * * * * * * * * * * * * //

dimensions      [0 0 0 1 0 0 0];

internalField   nonuniform List<scalar> 
1000
(
0
0
0
0
0
0
0
0
0
0
0
0
0
0
0
0
0
0
0
0
0
0
0
0
0
0
0
0
0
0
0
0
0
0
0
0
0
0
0
0
0
0
0
0
0
0
0
0
0
0
0
0
0
0
0
0
0
0
0
0
0
0
0
0
0
0
0
0
0
0
0
0
0
0
0
0
0
0
0
0
0
0
0
0
0
0
0
0
0
0
0
0
0
0
0
0
0
0
0
0
0
0
0
0
0
0
0
0
0
0
0
0
0
0
0
0
0
0
0
0
0
0
0
0
0
0
0
0
0
0
0
0
0
0
0
0
0
0
0
0
0
0
0
0
0
0
0
0
0
0
0
0
0
0
0
0
0
0
0
0
0
0
0
0
0
0
0
0
0
0
0
0
0
0
0
0
0
0
0
0
0
0
0
0
0
0
0
0
0
0
0
0
0
0
0
0
0
0
0
0
0
0
0
0
0
0
0
0
0
0
0
0
0
0
0
0
0
0
0
0
0
0
0
0
0
0
0
0
0
0
0
0
0
0
0
0
0
0
0
0
0
0
0
0
0
0
0
0
0
0
0
0
0
0
0
0
0
0
0
0
0
0
0
0
3.26083e-322
4.78898e-320
6.39737e-318
8.49775e-316
1.1232e-313
1.47724e-311
1.93318e-309
2.51713e-307
3.26092e-305
4.20303e-303
5.38961e-301
6.87562e-299
8.72594e-297
1.10165e-294
1.38355e-292
1.72841e-290
2.14777e-288
2.65463e-286
3.26346e-284
3.99021e-282
4.85224e-280
5.86816e-278
7.05763e-276
8.44107e-274
1.00393e-271
1.18729e-269
1.39618e-267
1.63247e-265
1.89779e-263
2.19348e-261
2.52048e-259
2.87926e-257
3.2697e-255
3.69104e-253
4.14173e-251
4.61946e-249
5.12102e-247
5.64235e-245
6.17849e-243
6.72362e-241
7.27117e-239
7.81384e-237
8.34381e-235
8.85284e-233
9.33252e-231
9.77445e-229
1.01705e-226
1.05129e-224
1.07949e-222
1.10103e-220
1.11545e-218
1.12239e-216
1.12165e-214
1.11319e-212
1.09712e-210
1.0737e-208
1.04337e-206
1.00668e-204
9.64315e-203
9.17047e-201
8.65734e-199
8.11281e-197
7.54613e-195
6.96652e-193
6.3829e-191
5.80367e-189
5.23649e-187
4.68815e-185
4.16443e-183
3.67006e-181
3.20865e-179
2.78274e-177
2.39382e-175
2.04242e-173
1.72823e-171
1.45019e-169
1.20666e-167
9.95501e-166
8.14259e-164
6.60253e-162
5.30699e-160
4.22802e-158
3.33842e-156
2.61227e-154
2.02549e-152
1.55609e-150
1.18438e-148
8.93017e-147
6.6695e-145
4.93343e-143
3.61395e-141
2.62148e-139
1.88277e-137
1.33869e-135
9.42225e-134
6.56395e-132
4.52546e-130
3.08741e-128
2.08404e-126
1.3917e-124
9.19292e-123
6.00587e-121
3.88019e-119
2.47871e-117
1.56542e-115
9.77254e-114
6.02963e-112
3.67633e-110
2.21469e-108
1.31799e-106
7.74724e-105
4.49719e-103
2.57762e-101
1.4585e-99
8.14559e-98
4.48939e-96
2.44127e-94
1.30956e-92
6.92824e-91
3.61428e-89
1.85877e-87
9.42197e-86
4.70618e-84
2.31581e-82
1.12238e-80
5.35642e-79
2.51646e-77
1.16351e-75
5.29294e-74
2.36835e-72
1.04205e-70
4.50703e-69
1.91565e-67
7.99877e-66
3.27991e-64
1.32032e-62
5.21575e-61
2.02119e-59
7.68031e-58
2.86056e-56
1.04385e-54
3.73031e-53
1.30487e-51
4.46574e-50
1.49451e-48
4.88827e-47
1.56176e-45
4.87104e-44
1.48221e-42
4.39738e-41
1.2711e-39
3.57727e-38
9.79445e-37
2.60684e-35
6.73884e-34
1.69043e-32
4.1109e-31
9.68183e-30
2.2059e-28
4.85639e-27
1.03181e-25
2.11281e-24
4.16362e-23
7.88407e-22
1.43208e-20
2.49072e-19
4.13955e-18
6.56e-17
9.88853e-16
1.41411e-14
1.91287e-13
2.43955e-12
2.92254e-11
3.27516e-10
3.41725e-09
3.30174e-08
2.9357e-07
2.38455e-06
1.75417e-05
0.000115669
0.000675136
0.00343467
0.0149392
0.0542208
0.159298
0.365521
0.634479
0.840702
0.945779
0.985061
0.996565
0.999325
0.999884
0.999982
0.999998
1
1
1
1
1
1
1
1
1
1
1
1
1
1
1
1
1
1
1
1
1
1
1
1
1
1
1
1
1
1
1
1
1
1
1
1
1
1
1
1
1
1
1
1
1
1
1
1
1
1
1
1
1
1
1
1
1
1
1
1
1
1
1
1
1
1
1
1
1
1
1
1
1
1
1
1
1
1
1
1
1
1
0.999998
0.999982
0.999884
0.999325
0.996565
0.985061
0.945779
0.840702
0.634479
0.365521
0.159298
0.0542208
0.0149392
0.00343467
0.000675136
0.000115669
1.75417e-05
2.38455e-06
2.9357e-07
3.30174e-08
3.41725e-09
3.27516e-10
2.92254e-11
2.43955e-12
1.91287e-13
1.41411e-14
9.88853e-16
6.56e-17
4.13955e-18
2.49072e-19
1.43208e-20
7.88407e-22
4.16362e-23
2.11281e-24
1.03181e-25
4.85639e-27
2.2059e-28
9.68183e-30
4.1109e-31
1.69043e-32
6.73884e-34
2.60684e-35
9.79445e-37
3.57727e-38
1.2711e-39
4.39738e-41
1.48221e-42
4.87104e-44
1.56176e-45
4.88827e-47
1.49451e-48
4.46574e-50
1.30487e-51
3.73031e-53
1.04385e-54
2.86056e-56
7.68031e-58
2.02119e-59
5.21575e-61
1.32032e-62
3.27991e-64
7.99877e-66
1.91565e-67
4.50703e-69
1.04205e-70
2.36835e-72
5.29294e-74
1.16351e-75
2.51646e-77
5.35642e-79
1.12238e-80
2.31581e-82
4.70618e-84
9.42197e-86
1.85877e-87
3.61428e-89
6.92824e-91
1.30956e-92
2.44127e-94
4.48939e-96
8.14559e-98
1.4585e-99
2.57762e-101
4.49719e-103
7.74724e-105
1.31799e-106
2.21469e-108
3.67633e-110
6.02963e-112
9.77254e-114
1.56542e-115
2.47871e-117
3.88019e-119
6.00587e-121
9.19292e-123
1.3917e-124
2.08404e-126
3.08741e-128
4.52546e-130
6.56395e-132
9.42225e-134
1.33869e-135
1.88277e-137
2.62148e-139
3.61395e-141
4.93343e-143
6.6695e-145
8.93017e-147
1.18438e-148
1.55609e-150
2.02549e-152
2.61227e-154
3.33842e-156
4.22802e-158
5.30699e-160
6.60253e-162
8.14259e-164
9.95501e-166
1.20666e-167
1.45019e-169
1.72823e-171
2.04242e-173
2.39382e-175
2.78274e-177
3.20865e-179
3.67006e-181
4.16443e-183
4.68815e-185
5.23649e-187
5.80367e-189
6.3829e-191
6.96652e-193
7.54613e-195
8.11281e-197
8.65734e-199
9.17047e-201
9.64315e-203
1.00668e-204
1.04337e-206
1.0737e-208
1.09712e-210
1.11319e-212
1.12165e-214
1.12239e-216
1.11545e-218
1.10103e-220
1.07949e-222
1.05129e-224
1.01705e-226
9.77445e-229
9.33252e-231
8.85284e-233
8.34381e-235
7.81384e-237
7.27117e-239
6.72362e-241
6.17849e-243
5.64235e-245
5.12102e-247
4.61946e-249
4.14173e-251
3.69104e-253
3.2697e-255
2.87926e-257
2.52048e-259
2.19348e-261
1.89779e-263
1.63247e-265
1.39618e-267
1.18729e-269
1.00393e-271
8.44107e-274
7.05763e-276
5.86816e-278
4.85224e-280
3.99021e-282
3.26346e-284
2.65463e-286
2.14777e-288
1.72841e-290
1.38355e-292
1.10165e-294
8.72594e-297
6.87562e-299
5.38961e-301
4.20303e-303
3.26092e-305
2.51713e-307
1.93318e-309
1.47724e-311
1.1232e-313
8.49775e-316
6.39737e-318
4.78898e-320
3.26083e-322
0
0
0
0
0
0
0
0
0
0
0
0
0
0
0
0
0
0
0
0
0
0
0
0
0
0
0
0
0
0
0
0
0
0
0
0
0
0
0
0
0
0
0
0
0
0
0
0
0
0
0
0
0
0
0
0
0
0
0
0
0
0
0
0
0
0
0
0
0
0
0
0
0
0
0
0
0
0
0
0
0
0
0
0
0
0
0
0
0
0
0
0
0
0
0
0
0
0
0
0
0
0
0
0
0
0
0
0
0
0
0
0
0
0
0
0
0
0
0
0
0
0
0
0
0
0
0
0
0
0
0
0
0
0
0
0
0
0
0
0
0
0
0
0
0
0
0
0
0
0
0
0
0
0
0
0
0
0
0
0
0
0
0
0
0
0
0
0
0
0
0
0
0
0
0
0
0
0
0
0
0
0
0
0
0
0
0
0
0
0
0
0
0
0
0
0
0
0
0
0
0
0
0
0
0
0
0
0
0
0
0
0
0
0
0
0
0
0
0
0
0
0
0
0
0
0
0
0
0
0
0
0
0
0
0
0
0
0
0
0
0
0
0
0
0
0
0
0
0
0
0
0
0
0
0
0
0
0
0
0
0
0
0
0
)
;

boundaryField
{
    sides
    {
        type            zeroGradient;
    }
    empty
    {
        type            empty;
    }
}


// ************************************************************************* //
