/*--------------------------------*- C++ -*----------------------------------*\
| =========                 |                                                 |
| \\      /  F ield         | OpenFOAM: The Open Source CFD Toolbox           |
|  \\    /   O peration     | Version:  2312                                  |
|   \\  /    A nd           | Website:  www.openfoam.com                      |
|    \\/     M anipulation  |                                                 |
\*---------------------------------------------------------------------------*/
FoamFile
{
    version     2.0;
    format      ascii;
    arch        "LSB;label=32;scalar=64";
    class       volScalarField;
    location    "0.4";
    object      T;
}
// * * * * * * * * * * * * * * * * * * * * * * * * * * * * * * * * * * * * * //

dimensions      [0 0 0 1 0 0 0];

internalField   nonuniform List<scalar> 
1000
(
8.94259e-322
7.16395e-321
6.48955e-320
5.88111e-319
5.32397e-318
4.81458e-317
4.34937e-316
3.92498e-315
3.53827e-314
3.18628e-313
2.86626e-312
2.57564e-311
2.31201e-310
2.07314e-309
1.85695e-308
1.66151e-307
1.48503e-306
1.32584e-305
1.18244e-304
1.05338e-303
9.37385e-303
8.33241e-302
7.39847e-301
6.56193e-300
5.81349e-299
5.14465e-298
4.54766e-297
4.01542e-296
3.54146e-295
3.1199e-294
2.7454e-293
2.41309e-292
2.11858e-291
1.85787e-290
1.62736e-289
1.4238e-288
1.24426e-287
1.08608e-286
9.46909e-286
8.24598e-285
7.17239e-284
6.23119e-283
5.40707e-282
4.68635e-281
4.05684e-280
3.50767e-279
3.02919e-278
2.61281e-277
2.25093e-276
1.93681e-275
1.66448e-274
1.42869e-273
1.22479e-272
1.04869e-271
8.968e-271
7.65951e-270
6.53376e-269
5.56647e-268
4.7364e-267
4.02502e-266
3.41614e-265
2.89567e-264
2.45136e-263
2.07256e-262
1.75003e-261
1.47579e-260
1.2429e-259
1.0454e-258
8.78135e-258
7.36662e-257
6.17166e-256
5.1637e-255
4.31461e-254
3.60034e-253
3.00028e-252
2.49688e-251
2.07513e-250
1.72229e-249
1.42749e-248
1.18154e-247
9.76626e-247
8.06138e-246
6.64493e-245
5.46976e-244
4.49615e-243
3.69067e-242
3.02524e-241
2.4763e-240
2.02409e-239
1.65211e-238
1.34657e-237
1.09597e-236
8.90719e-236
7.22863e-235
5.8579e-234
4.74018e-233
3.83012e-232
3.09024e-231
2.48962e-230
2.00276e-229
1.60872e-228
1.29028e-227
1.03332e-226
8.26294e-226
6.59746e-225
5.25969e-224
4.18679e-223
3.32766e-222
2.64076e-221
2.09242e-220
1.65537e-219
1.30757e-218
1.03124e-217
8.12024e-217
6.38404e-216
5.01112e-215
3.92721e-214
3.07284e-213
2.40049e-212
1.87224e-211
1.45787e-210
1.13337e-209
8.79667e-209
6.81636e-208
5.27317e-207
4.07262e-206
3.14019e-205
2.41721e-204
1.85757e-203
1.4251e-202
1.09147e-201
8.34535e-201
6.36995e-200
4.85382e-199
3.6922e-198
2.80374e-197
2.12538e-196
1.60834e-195
1.21496e-194
9.16179e-194
6.89657e-193
5.18221e-192
3.88708e-191
2.91041e-190
2.17523e-189
1.62282e-188
1.20851e-187
8.9833e-187
6.66541e-186
4.9365e-185
3.64929e-184
2.69273e-183
1.9832e-182
1.45789e-181
1.06971e-180
7.83405e-180
5.72639e-179
4.17779e-178
3.04213e-177
2.21092e-176
1.60371e-175
1.16101e-174
8.3887e-174
6.04923e-173
4.3536e-172
3.12706e-171
2.24159e-170
1.60364e-169
1.14495e-168
8.158e-168
5.80096e-167
4.1165e-166
2.91518e-165
2.06019e-164
1.45294e-163
1.02255e-162
7.18146e-162
5.033e-161
3.51983e-160
2.45637e-159
1.71056e-158
1.18864e-157
8.24191e-157
5.70245e-156
3.93685e-155
2.71197e-154
1.86408e-153
1.27845e-152
8.74856e-152
5.97336e-151
4.06934e-150
2.76598e-149
1.8758e-148
1.26921e-147
8.56808e-147
5.77075e-146
3.87769e-145
2.59957e-144
1.73865e-143
1.16011e-142
7.72254e-142
5.12844e-141
3.39758e-140
2.24548e-139
1.48047e-138
9.73712e-138
6.38852e-137
4.18121e-136
2.72979e-135
1.77777e-134
1.15488e-133
7.48355e-133
4.83704e-132
3.11851e-131
2.00542e-130
1.28631e-129
8.22933e-129
5.25114e-128
3.34201e-127
2.12139e-126
1.34303e-125
8.47995e-125
5.34e-124
3.35368e-123
2.10052e-122
1.31205e-121
8.17305e-121
5.07719e-120
3.14529e-119
1.94307e-118
1.19702e-117
7.35339e-117
4.50448e-116
2.75146e-115
1.67585e-114
1.01779e-113
6.16334e-113
3.72141e-112
2.24039e-111
1.34479e-110
8.04815e-110
4.80217e-109
2.85675e-108
1.69431e-107
1.00182e-106
5.90545e-106
3.47039e-105
2.03308e-104
1.18734e-103
6.91243e-103
4.01155e-102
2.32066e-101
1.3382e-100
7.69182e-100
4.40685e-99
2.51658e-98
1.4324e-97
8.12611e-97
4.59468e-96
2.58924e-95
1.45421e-94
8.13963e-94
4.54046e-93
2.52407e-92
1.39829e-91
7.71937e-91
4.24661e-90
2.32792e-89
1.2716e-88
6.92113e-88
3.75352e-87
2.02826e-86
1.092e-85
5.85764e-85
3.13051e-84
1.66681e-83
8.84153e-83
4.67224e-82
2.45963e-81
1.28987e-80
6.73825e-80
3.50637e-79
1.81747e-78
9.38344e-78
4.82538e-77
2.47151e-76
1.26078e-75
6.40554e-75
3.24111e-74
1.63321e-73
8.19573e-73
4.09559e-72
2.03805e-71
1.00988e-70
4.98273e-70
2.4479e-69
1.19738e-68
5.8314e-68
2.82747e-67
1.36488e-66
6.55912e-66
3.13789e-65
1.49436e-64
7.08409e-64
3.34277e-63
1.57003e-62
7.33959e-62
3.41493e-61
1.58133e-60
7.28747e-60
3.34216e-59
1.52531e-58
6.92707e-58
3.1303e-57
1.40751e-56
6.29686e-56
2.80278e-55
1.24115e-54
5.46785e-54
2.39631e-53
1.04468e-52
4.53025e-52
1.95406e-51
8.38319e-51
3.57699e-50
1.5179e-49
6.40565e-49
2.68818e-48
1.12178e-47
4.65464e-47
1.92033e-46
7.87683e-46
3.21213e-45
1.3022e-44
5.24782e-44
2.10221e-43
8.37041e-43
3.31256e-42
1.30288e-41
5.09262e-41
1.97812e-40
7.63503e-40
2.92813e-39
1.11575e-38
4.22385e-38
1.58852e-37
5.93461e-37
2.2023e-36
8.11742e-36
2.97159e-35
1.08034e-34
3.90032e-34
1.39824e-33
4.97705e-33
1.7589e-32
6.17103e-32
2.14926e-31
7.43027e-31
2.54959e-30
8.68265e-30
2.93439e-29
9.84081e-29
3.2746e-28
1.08109e-27
3.54088e-27
1.15044e-26
3.70754e-26
1.18506e-25
3.75651e-25
1.18082e-24
3.68042e-24
1.13733e-23
3.48422e-23
1.05808e-22
3.18481e-22
9.50067e-22
2.8086e-21
8.22711e-21
2.3877e-20
6.86505e-20
1.9552e-19
5.51542e-19
1.54084e-18
4.26263e-18
1.1676e-17
3.16632e-17
8.49983e-17
2.25845e-16
5.93886e-16
1.54538e-15
3.97884e-15
1.01347e-14
2.55356e-14
6.36363e-14
1.56831e-13
3.82185e-13
9.20808e-13
2.19312e-12
5.16293e-12
1.20119e-11
2.7615e-11
6.2725e-11
1.40746e-10
3.1194e-10
6.82786e-10
1.47575e-09
3.14917e-09
6.6339e-09
1.37934e-08
2.83032e-08
5.73066e-08
1.14475e-07
2.25577e-07
4.3842e-07
8.40307e-07
1.58809e-06
2.95895e-06
5.43459e-06
9.83794e-06
1.75505e-05
3.08507e-05
5.34289e-05
9.11525e-05
0.000153176
0.000253506
0.000413162
0.000663038
0.00104762
0.00162958
0.0024953
0.00376111
0.00557997
0.00814799
0.0117101
0.0165637
0.023059
0.0315953
0.0426107
0.0565667
0.0739243
0.0951146
0.120505
0.150362
0.184815
0.223826
0.267165
0.314405
0.364922
0.41792
0.472465
0.527535
0.58208
0.635078
0.685595
0.732835
0.776174
0.815185
0.849638
0.879495
0.904885
0.926076
0.943433
0.957389
0.968405
0.976941
0.983436
0.98829
0.991852
0.99442
0.996239
0.997505
0.99837
0.998952
0.999337
0.999587
0.999746
0.999847
0.999909
0.999947
0.999969
0.999982
0.99999
0.999995
0.999997
0.999998
0.999999
1
1
1
1
1
1
1
1
1
1
1
1
1
1
1
1
1
1
1
1
1
1
1
1
1
1
1
1
0.999999
0.999998
0.999997
0.999995
0.99999
0.999982
0.999969
0.999947
0.999909
0.999847
0.999746
0.999587
0.999337
0.998952
0.99837
0.997505
0.996239
0.99442
0.991852
0.98829
0.983436
0.976941
0.968405
0.957389
0.943433
0.926076
0.904885
0.879495
0.849638
0.815185
0.776174
0.732835
0.685595
0.635078
0.58208
0.527535
0.472465
0.41792
0.364922
0.314405
0.267165
0.223826
0.184815
0.150362
0.120505
0.0951146
0.0739243
0.0565667
0.0426107
0.0315953
0.023059
0.0165637
0.0117101
0.00814799
0.00557997
0.00376111
0.0024953
0.00162958
0.00104762
0.000663038
0.000413162
0.000253506
0.000153176
9.11525e-05
5.34289e-05
3.08507e-05
1.75505e-05
9.83794e-06
5.43459e-06
2.95895e-06
1.58809e-06
8.40307e-07
4.3842e-07
2.25577e-07
1.14475e-07
5.73066e-08
2.83032e-08
1.37934e-08
6.6339e-09
3.14917e-09
1.47575e-09
6.82786e-10
3.1194e-10
1.40746e-10
6.2725e-11
2.7615e-11
1.20119e-11
5.16293e-12
2.19312e-12
9.20808e-13
3.82185e-13
1.56831e-13
6.36363e-14
2.55356e-14
1.01347e-14
3.97884e-15
1.54538e-15
5.93886e-16
2.25845e-16
8.49983e-17
3.16632e-17
1.1676e-17
4.26263e-18
1.54084e-18
5.51542e-19
1.9552e-19
6.86505e-20
2.3877e-20
8.22711e-21
2.8086e-21
9.50067e-22
3.18481e-22
1.05808e-22
3.48422e-23
1.13733e-23
3.68042e-24
1.18082e-24
3.75651e-25
1.18506e-25
3.70754e-26
1.15044e-26
3.54088e-27
1.08109e-27
3.2746e-28
9.84081e-29
2.93439e-29
8.68265e-30
2.54959e-30
7.43027e-31
2.14926e-31
6.17103e-32
1.7589e-32
4.97705e-33
1.39824e-33
3.90032e-34
1.08034e-34
2.97159e-35
8.11742e-36
2.2023e-36
5.93461e-37
1.58852e-37
4.22385e-38
1.11575e-38
2.92813e-39
7.63503e-40
1.97812e-40
5.09262e-41
1.30288e-41
3.31256e-42
8.37041e-43
2.10221e-43
5.24782e-44
1.3022e-44
3.21213e-45
7.87683e-46
1.92033e-46
4.65464e-47
1.12178e-47
2.68818e-48
6.40565e-49
1.5179e-49
3.57699e-50
8.38319e-51
1.95406e-51
4.53025e-52
1.04468e-52
2.39631e-53
5.46785e-54
1.24115e-54
2.80278e-55
6.29686e-56
1.40751e-56
3.1303e-57
6.92707e-58
1.52531e-58
3.34216e-59
7.28747e-60
1.58133e-60
3.41493e-61
7.33959e-62
1.57003e-62
3.34277e-63
7.08409e-64
1.49436e-64
3.13789e-65
6.55912e-66
1.36488e-66
2.82747e-67
5.8314e-68
1.19738e-68
2.4479e-69
4.98273e-70
1.00988e-70
2.03805e-71
4.09559e-72
8.19573e-73
1.63321e-73
3.24111e-74
6.40554e-75
1.26078e-75
2.47151e-76
4.82538e-77
9.38344e-78
1.81747e-78
3.50637e-79
6.73825e-80
1.28987e-80
2.45963e-81
4.67224e-82
8.84153e-83
1.66681e-83
3.13051e-84
5.85764e-85
1.092e-85
2.02826e-86
3.75352e-87
6.92113e-88
1.2716e-88
2.32792e-89
4.24661e-90
7.71937e-91
1.39829e-91
2.52407e-92
4.54046e-93
8.13963e-94
1.45421e-94
2.58924e-95
4.59468e-96
8.12611e-97
1.4324e-97
2.51658e-98
4.40685e-99
7.69182e-100
1.3382e-100
2.32066e-101
4.01155e-102
6.91243e-103
1.18734e-103
2.03308e-104
3.47039e-105
5.90545e-106
1.00182e-106
1.69431e-107
2.85675e-108
4.80217e-109
8.04815e-110
1.34479e-110
2.24039e-111
3.72141e-112
6.16334e-113
1.01779e-113
1.67585e-114
2.75146e-115
4.50448e-116
7.35339e-117
1.19702e-117
1.94307e-118
3.14529e-119
5.07719e-120
8.17305e-121
1.31205e-121
2.10052e-122
3.35368e-123
5.34e-124
8.47995e-125
1.34303e-125
2.12139e-126
3.34201e-127
5.25114e-128
8.22933e-129
1.28631e-129
2.00542e-130
3.11851e-131
4.83704e-132
7.48355e-133
1.15488e-133
1.77777e-134
2.72979e-135
4.18121e-136
6.38852e-137
9.73712e-138
1.48047e-138
2.24548e-139
3.39758e-140
5.12844e-141
7.72254e-142
1.16011e-142
1.73865e-143
2.59957e-144
3.87769e-145
5.77075e-146
8.56808e-147
1.26921e-147
1.8758e-148
2.76598e-149
4.06934e-150
5.97336e-151
8.74856e-152
1.27845e-152
1.86408e-153
2.71197e-154
3.93685e-155
5.70245e-156
8.24191e-157
1.18864e-157
1.71056e-158
2.45637e-159
3.51983e-160
5.033e-161
7.18146e-162
1.02255e-162
1.45294e-163
2.06019e-164
2.91518e-165
4.1165e-166
5.80096e-167
8.158e-168
1.14495e-168
1.60364e-169
2.24159e-170
3.12706e-171
4.3536e-172
6.04923e-173
8.3887e-174
1.16101e-174
1.60371e-175
2.21092e-176
3.04213e-177
4.17779e-178
5.72639e-179
7.83405e-180
1.06971e-180
1.45789e-181
1.9832e-182
2.69273e-183
3.64929e-184
4.9365e-185
6.66541e-186
8.9833e-187
1.20851e-187
1.62282e-188
2.17523e-189
2.91041e-190
3.88708e-191
5.18221e-192
6.89657e-193
9.16179e-194
1.21496e-194
1.60834e-195
2.12538e-196
2.80374e-197
3.6922e-198
4.85382e-199
6.36995e-200
8.34535e-201
1.09147e-201
1.4251e-202
1.85757e-203
2.41721e-204
3.14019e-205
4.07262e-206
5.27317e-207
6.81636e-208
8.79667e-209
1.13337e-209
1.45787e-210
1.87224e-211
2.40049e-212
3.07284e-213
3.92721e-214
5.01112e-215
6.38404e-216
8.12024e-217
1.03124e-217
1.30757e-218
1.65537e-219
2.09242e-220
2.64076e-221
3.32766e-222
4.18679e-223
5.25969e-224
6.59746e-225
8.26294e-226
1.03332e-226
1.29028e-227
1.60872e-228
2.00276e-229
2.48962e-230
3.09024e-231
3.83012e-232
4.74018e-233
5.8579e-234
7.22863e-235
8.90719e-236
1.09597e-236
1.34657e-237
1.65211e-238
2.02409e-239
2.4763e-240
3.02524e-241
3.69067e-242
4.49615e-243
5.46976e-244
6.64493e-245
8.06138e-246
9.76626e-247
1.18154e-247
1.42749e-248
1.72229e-249
2.07513e-250
2.49688e-251
3.00028e-252
3.60034e-253
4.31461e-254
5.1637e-255
6.17166e-256
7.36662e-257
8.78135e-258
1.0454e-258
1.2429e-259
1.47579e-260
1.75003e-261
2.07256e-262
2.45136e-263
2.89567e-264
3.41614e-265
4.02502e-266
4.7364e-267
5.56647e-268
6.53376e-269
7.65951e-270
8.968e-271
1.04869e-271
1.22479e-272
1.42869e-273
1.66448e-274
1.93681e-275
2.25093e-276
2.61281e-277
3.02919e-278
3.50767e-279
4.05684e-280
4.68635e-281
5.40707e-282
6.23119e-283
7.17239e-284
8.24598e-285
9.46909e-286
1.08608e-286
1.24426e-287
1.4238e-288
1.62736e-289
1.85787e-290
2.11858e-291
2.41309e-292
2.7454e-293
3.1199e-294
3.54146e-295
4.01542e-296
4.54766e-297
5.14465e-298
5.81349e-299
6.56193e-300
7.39847e-301
8.33241e-302
9.37385e-303
1.05338e-303
1.18244e-304
1.32584e-305
1.48503e-306
1.66151e-307
1.85695e-308
2.07314e-309
2.31201e-310
2.57564e-311
2.86626e-312
3.18628e-313
3.53827e-314
3.92498e-315
4.34937e-316
4.81458e-317
5.32399e-318
5.88116e-319
6.48955e-320
7.16889e-321
8.94259e-322
)
;

boundaryField
{
    sides
    {
        type            zeroGradient;
    }
    empty
    {
        type            empty;
    }
}


// ************************************************************************* //
