/*--------------------------------*- C++ -*----------------------------------*\
| =========                 |                                                 |
| \\      /  F ield         | OpenFOAM: The Open Source CFD Toolbox           |
|  \\    /   O peration     | Version:  2312                                  |
|   \\  /    A nd           | Website:  www.openfoam.com                      |
|    \\/     M anipulation  |                                                 |
\*---------------------------------------------------------------------------*/
FoamFile
{
    version     2.0;
    format      ascii;
    arch        "LSB;label=32;scalar=64";
    class       volScalarField;
    location    "1.2";
    object      T;
}
// * * * * * * * * * * * * * * * * * * * * * * * * * * * * * * * * * * * * * //

dimensions      [0 0 0 1 0 0 0];

internalField   nonuniform List<scalar> 
1000
(
1.75121e-193
6.8312e-193
3.2251e-192
1.53468e-191
7.29478e-191
3.46219e-190
1.64068e-189
7.76304e-189
3.66751e-188
1.72998e-187
8.14774e-187
3.83143e-186
1.79891e-185
8.43296e-185
3.94705e-184
1.84452e-183
8.60622e-183
4.00919e-182
1.86473e-181
8.65935e-181
4.01481e-180
1.85846e-179
8.58914e-179
3.96323e-178
1.82579e-177
8.3976e-177
3.85618e-176
1.7679e-175
8.09193e-175
3.69777e-174
1.68702e-173
7.68403e-173
3.49418e-172
1.58631e-171
7.18975e-171
3.25328e-170
1.46963e-169
6.62787e-169
2.98411e-168
1.34131e-167
6.01889e-167
2.69633e-166
1.20586e-165
5.38378e-165
2.39961e-164
1.06772e-163
4.74277e-163
2.10312e-162
9.31008e-162
4.11429e-161
1.81505e-160
7.99339e-160
3.51416e-159
1.54225e-158
6.75669e-158
2.95497e-157
1.29006e-156
5.62217e-156
2.44586e-155
1.06217e-154
4.60451e-154
1.99252e-153
8.60688e-153
3.71119e-152
1.59736e-151
6.86293e-151
2.9433e-150
1.26001e-149
5.38424e-149
2.2966e-148
9.77811e-148
4.15556e-147
1.76282e-146
7.46423e-146
3.15473e-145
1.33087e-144
5.60405e-144
2.35538e-143
9.88115e-143
4.13754e-142
1.72926e-141
7.21374e-141
3.00359e-140
1.24824e-139
5.17761e-139
2.14355e-138
8.85743e-138
3.65299e-137
1.50368e-136
6.17766e-136
2.5331e-135
1.03666e-134
4.23427e-134
1.72612e-133
7.02287e-133
2.85171e-132
1.15569e-131
4.6743e-131
1.88683e-130
7.60127e-130
3.05614e-129
1.22629e-128
4.91067e-128
1.96253e-127
7.82733e-127
3.11554e-126
1.23757e-125
4.90596e-125
1.94084e-124
7.66242e-124
3.01891e-123
1.18697e-122
4.65724e-122
1.82355e-121
7.12531e-121
2.77832e-120
1.08107e-119
4.19769e-119
1.6265e-118
6.28895e-118
2.42651e-117
9.3425e-117
3.58936e-116
1.37607e-115
5.26422e-115
2.00951e-114
7.65437e-114
2.90929e-113
1.10337e-112
4.17547e-112
1.57667e-111
5.9405e-111
2.23331e-110
8.37751e-110
3.13558e-109
1.171e-108
4.36341e-108
1.62227e-107
6.01791e-107
2.22736e-106
8.22532e-106
3.03062e-105
1.11409e-104
4.08622e-104
1.4953e-103
5.45928e-103
1.98858e-102
7.22679e-102
2.62024e-101
9.47822e-101
3.42057e-100
1.23155e-99
4.4237e-99
1.58524e-98
5.6673e-98
2.02128e-97
7.1919e-97
2.55283e-96
9.03982e-96
3.19339e-95
1.12537e-94
3.9563e-94
1.38748e-93
4.85405e-93
1.69403e-92
5.89752e-92
2.04809e-91
7.09506e-91
2.4518e-90
8.45151e-90
2.90602e-89
9.96724e-89
3.41004e-88
1.16372e-87
3.9613e-87
1.34501e-86
4.55517e-86
1.53877e-85
5.18474e-85
1.74246e-84
5.84085e-84
1.95282e-83
6.51208e-83
2.16592e-82
7.18501e-82
2.37722e-81
7.84451e-81
2.58174e-80
8.47431e-80
2.7742e-79
9.05752e-79
2.94927e-78
9.57741e-78
3.10176e-77
1.00182e-76
3.2269e-76
1.03656e-75
3.32057e-75
1.06081e-74
3.37954e-74
1.07368e-73
3.40161e-73
1.07468e-72
3.38577e-72
1.06369e-71
3.33229e-71
1.04098e-70
3.24269e-70
1.00723e-69
3.11966e-69
9.63469e-69
2.96698e-68
9.11031e-68
2.78926e-67
8.51487e-67
2.59176e-66
7.86565e-66
2.38009e-65
7.18068e-65
2.15997e-64
6.47788e-64
1.93695e-63
5.77429e-63
1.7162e-62
5.08537e-62
1.5023e-61
4.42453e-61
1.29911e-60
3.8027e-60
1.10968e-59
3.22818e-59
9.36197e-59
2.70659e-58
7.8004e-58
2.24102e-57
6.41807e-57
1.83226e-56
5.21422e-56
1.47913e-55
4.18243e-55
1.17884e-54
3.31193e-54
9.27466e-54
2.58882e-53
7.20259e-53
1.99733e-52
5.52056e-52
1.52083e-51
4.17579e-51
1.14275e-50
3.11681e-50
8.47254e-50
2.29538e-49
6.19763e-49
1.66772e-48
4.4724e-48
1.19529e-47
3.18356e-47
8.45001e-47
2.2351e-46
5.89154e-46
1.54755e-45
4.0508e-45
1.0566e-44
2.74629e-44
7.11285e-44
1.83568e-43
4.7206e-43
1.2096e-42
3.08833e-42
7.85662e-42
1.99146e-41
5.02953e-41
1.26559e-40
3.17298e-40
7.92573e-40
1.97244e-39
4.89054e-39
1.20806e-38
2.973e-38
7.28901e-38
1.78034e-37
4.33204e-37
1.0501e-36
2.53575e-36
6.09987e-36
1.46171e-35
3.48918e-35
8.29662e-35
1.96511e-34
4.63632e-34
1.08957e-33
2.55049e-33
5.94666e-33
1.38101e-32
3.19439e-32
7.35935e-32
1.68867e-31
3.85918e-31
8.78387e-31
1.99117e-30
4.49528e-30
1.0107e-29
2.26309e-29
5.04643e-29
1.12063e-28
2.47817e-28
5.45737e-28
1.19677e-27
2.6134e-27
5.68279e-27
1.23047e-26
2.65294e-26
5.69538e-26
1.21745e-25
2.5912e-25
5.49123e-25
1.15864e-24
2.43404e-24
5.09099e-24
1.06014e-23
2.19789e-23
4.5365e-23
9.3218e-23
1.90694e-22
3.88349e-22
7.8732e-22
1.58896e-21
3.19231e-21
6.38432e-21
1.27097e-20
2.51862e-20
4.96805e-20
9.75434e-20
1.9063e-19
3.70817e-19
7.17948e-19
1.38352e-18
2.65356e-18
5.06543e-18
9.62362e-18
1.81966e-17
3.42421e-17
6.41276e-17
1.19518e-16
2.21677e-16
4.09165e-16
7.51549e-16
1.3737e-15
2.49858e-15
4.52225e-15
8.14458e-15
1.45958e-14
2.60269e-14
4.61793e-14
8.15257e-14
1.43205e-13
2.5028e-13
4.35208e-13
7.52938e-13
1.29601e-12
2.21939e-12
3.78121e-12
6.40902e-12
1.08071e-11
1.81291e-11
3.02543e-11
5.02264e-11
8.29481e-11
1.36271e-10
2.22696e-10
3.6202e-10
5.85401e-10
9.41606e-10
1.50651e-09
2.39751e-09
3.79509e-09
5.97521e-09
9.35724e-09
1.45747e-08
2.25789e-08
3.47897e-08
5.33137e-08
8.1257e-08
1.23172e-07
1.85688e-07
2.78403e-07
4.15124e-07
6.15586e-07
9.07825e-07
1.33142e-06
1.94186e-06
2.81652e-06
4.06249e-06
5.82709e-06
8.31169e-06
1.17896e-05
1.66295e-05
2.33253e-05
3.25341e-05
4.51244e-05
6.22362e-05
8.53554e-05
0.000116405
0.000157859
0.00021287
0.000285439
0.000380592
0.00050461
0.000665275
0.00087216
0.00113695
0.0014738
0.00189971
0.00243496
0.00310351
0.00393346
0.00495747
0.00621317
0.00774352
0.00959712
0.0118284
0.0144978
0.0176715
0.0214215
0.0258249
0.0309635
0.0369228
0.0437907
0.0516566
0.0606092
0.070735
0.0821161
0.0948281
0.108938
0.1245
0.141557
0.160135
0.180242
0.201868
0.22498
0.249525
0.275427
0.302589
0.330894
0.360202
0.390358
0.42119
0.452514
0.484138
0.515862
0.547486
0.57881
0.609642
0.639798
0.669106
0.697411
0.724573
0.750475
0.77502
0.798132
0.819758
0.839865
0.858443
0.8755
0.891062
0.905172
0.917884
0.929265
0.939391
0.948343
0.956209
0.963077
0.969037
0.974175
0.978579
0.982328
0.985502
0.988172
0.990403
0.992256
0.993787
0.995042
0.996066
0.996896
0.997565
0.9981
0.998526
0.998862
0.999127
0.999333
0.999493
0.999617
0.99971
0.999781
0.999834
0.999872
0.999898
0.999914
0.999922
0.999922
0.999914
0.999898
0.999872
0.999834
0.999781
0.99971
0.999617
0.999493
0.999333
0.999127
0.998862
0.998526
0.9981
0.997565
0.996896
0.996066
0.995042
0.993787
0.992256
0.990403
0.988172
0.985502
0.982328
0.978579
0.974175
0.969037
0.963077
0.956209
0.948343
0.939391
0.929265
0.917884
0.905172
0.891062
0.8755
0.858443
0.839865
0.819758
0.798132
0.77502
0.750475
0.724573
0.697411
0.669106
0.639798
0.609642
0.57881
0.547486
0.515862
0.484138
0.452514
0.42119
0.390358
0.360202
0.330894
0.302589
0.275427
0.249525
0.22498
0.201868
0.180242
0.160135
0.141557
0.1245
0.108938
0.0948281
0.0821161
0.070735
0.0606092
0.0516566
0.0437907
0.0369228
0.0309635
0.0258249
0.0214215
0.0176715
0.0144978
0.0118284
0.00959712
0.00774352
0.00621317
0.00495747
0.00393346
0.00310351
0.00243496
0.00189971
0.0014738
0.00113695
0.00087216
0.000665275
0.00050461
0.000380592
0.000285439
0.00021287
0.000157859
0.000116405
8.53554e-05
6.22362e-05
4.51244e-05
3.25341e-05
2.33253e-05
1.66295e-05
1.17896e-05
8.31169e-06
5.82709e-06
4.06249e-06
2.81652e-06
1.94186e-06
1.33142e-06
9.07825e-07
6.15586e-07
4.15124e-07
2.78403e-07
1.85688e-07
1.23172e-07
8.1257e-08
5.33137e-08
3.47897e-08
2.25789e-08
1.45747e-08
9.35724e-09
5.97521e-09
3.79509e-09
2.39751e-09
1.50651e-09
9.41606e-10
5.85401e-10
3.6202e-10
2.22696e-10
1.36271e-10
8.29481e-11
5.02264e-11
3.02543e-11
1.81291e-11
1.08071e-11
6.40902e-12
3.78121e-12
2.21939e-12
1.29601e-12
7.52938e-13
4.35208e-13
2.5028e-13
1.43205e-13
8.15257e-14
4.61793e-14
2.60269e-14
1.45958e-14
8.14458e-15
4.52225e-15
2.49858e-15
1.3737e-15
7.51549e-16
4.09165e-16
2.21677e-16
1.19518e-16
6.41276e-17
3.42421e-17
1.81966e-17
9.62362e-18
5.06543e-18
2.65356e-18
1.38352e-18
7.17948e-19
3.70817e-19
1.9063e-19
9.75434e-20
4.96805e-20
2.51862e-20
1.27097e-20
6.38432e-21
3.19231e-21
1.58896e-21
7.8732e-22
3.88349e-22
1.90694e-22
9.3218e-23
4.5365e-23
2.19789e-23
1.06014e-23
5.09099e-24
2.43404e-24
1.15864e-24
5.49123e-25
2.5912e-25
1.21745e-25
5.69538e-26
2.65294e-26
1.23047e-26
5.68279e-27
2.6134e-27
1.19677e-27
5.45737e-28
2.47817e-28
1.12063e-28
5.04643e-29
2.26309e-29
1.0107e-29
4.49528e-30
1.99117e-30
8.78387e-31
3.85918e-31
1.68867e-31
7.35935e-32
3.19439e-32
1.38101e-32
5.94666e-33
2.55049e-33
1.08957e-33
4.63632e-34
1.96511e-34
8.29662e-35
3.48918e-35
1.46171e-35
6.09987e-36
2.53575e-36
1.0501e-36
4.33204e-37
1.78034e-37
7.28901e-38
2.973e-38
1.20806e-38
4.89054e-39
1.97244e-39
7.92573e-40
3.17298e-40
1.26559e-40
5.02953e-41
1.99146e-41
7.85662e-42
3.08833e-42
1.2096e-42
4.7206e-43
1.83568e-43
7.11285e-44
2.74629e-44
1.0566e-44
4.0508e-45
1.54755e-45
5.89154e-46
2.2351e-46
8.45001e-47
3.18356e-47
1.19529e-47
4.4724e-48
1.66772e-48
6.19763e-49
2.29538e-49
8.47254e-50
3.11681e-50
1.14275e-50
4.17579e-51
1.52083e-51
5.52056e-52
1.99733e-52
7.20259e-53
2.58882e-53
9.27466e-54
3.31193e-54
1.17884e-54
4.18243e-55
1.47913e-55
5.21422e-56
1.83226e-56
6.41807e-57
2.24102e-57
7.8004e-58
2.70659e-58
9.36197e-59
3.22818e-59
1.10968e-59
3.8027e-60
1.29911e-60
4.42453e-61
1.5023e-61
5.08537e-62
1.7162e-62
5.77429e-63
1.93695e-63
6.47788e-64
2.15997e-64
7.18068e-65
2.38009e-65
7.86565e-66
2.59176e-66
8.51487e-67
2.78926e-67
9.11031e-68
2.96698e-68
9.63469e-69
3.11966e-69
1.00723e-69
3.24269e-70
1.04098e-70
3.33229e-71
1.06369e-71
3.38577e-72
1.07468e-72
3.40161e-73
1.07368e-73
3.37954e-74
1.06081e-74
3.32057e-75
1.03656e-75
3.2269e-76
1.00182e-76
3.10176e-77
9.57741e-78
2.94927e-78
9.05752e-79
2.7742e-79
8.47431e-80
2.58174e-80
7.84451e-81
2.37722e-81
7.18501e-82
2.16592e-82
6.51208e-83
1.95282e-83
5.84085e-84
1.74246e-84
5.18474e-85
1.53877e-85
4.55517e-86
1.34501e-86
3.9613e-87
1.16372e-87
3.41004e-88
9.96724e-89
2.90602e-89
8.45151e-90
2.4518e-90
7.09506e-91
2.04809e-91
5.89752e-92
1.69403e-92
4.85405e-93
1.38748e-93
3.9563e-94
1.12537e-94
3.19339e-95
9.03982e-96
2.55283e-96
7.1919e-97
2.02128e-97
5.6673e-98
1.58524e-98
4.4237e-99
1.23155e-99
3.42057e-100
9.47822e-101
2.62024e-101
7.22679e-102
1.98858e-102
5.45928e-103
1.4953e-103
4.08622e-104
1.11409e-104
3.03062e-105
8.22532e-106
2.22736e-106
6.01791e-107
1.62227e-107
4.36341e-108
1.171e-108
3.13558e-109
8.37751e-110
2.23331e-110
5.9405e-111
1.57667e-111
4.17547e-112
1.10337e-112
2.90929e-113
7.65437e-114
2.00951e-114
5.26422e-115
1.37607e-115
3.58936e-116
9.3425e-117
2.42651e-117
6.28895e-118
1.6265e-118
4.19769e-119
1.08107e-119
2.77832e-120
7.12531e-121
1.82355e-121
4.65724e-122
1.18697e-122
3.01891e-123
7.66242e-124
1.94084e-124
4.90596e-125
1.23757e-125
3.11554e-126
7.82733e-127
1.96253e-127
4.91067e-128
1.22629e-128
3.05614e-129
7.60127e-130
1.88683e-130
4.6743e-131
1.15569e-131
2.85171e-132
7.02287e-133
1.72612e-133
4.23427e-134
1.03666e-134
2.5331e-135
6.17766e-136
1.50368e-136
3.65299e-137
8.85743e-138
2.14355e-138
5.17761e-139
1.24824e-139
3.00359e-140
7.21374e-141
1.72926e-141
4.13754e-142
9.88115e-143
2.35538e-143
5.60405e-144
1.33087e-144
3.15473e-145
7.46423e-146
1.76282e-146
4.15556e-147
9.77811e-148
2.2966e-148
5.38424e-149
1.26001e-149
2.9433e-150
6.86293e-151
1.59736e-151
3.71119e-152
8.60688e-153
1.99252e-153
4.60451e-154
1.06217e-154
2.44586e-155
5.62217e-156
1.29006e-156
2.95497e-157
6.75669e-158
1.54225e-158
3.51416e-159
7.99339e-160
1.81505e-160
4.11429e-161
9.31008e-162
2.10312e-162
4.74277e-163
1.06772e-163
2.39961e-164
5.38378e-165
1.20586e-165
2.69633e-166
6.01889e-167
1.34131e-167
2.98411e-168
6.62787e-169
1.46963e-169
3.25328e-170
7.18975e-171
1.58631e-171
3.49418e-172
7.68403e-173
1.68702e-173
3.69777e-174
8.09193e-175
1.7679e-175
3.85618e-176
8.3976e-177
1.82579e-177
3.96323e-178
8.58914e-179
1.85846e-179
4.01481e-180
8.65935e-181
1.86473e-181
4.00919e-182
8.60622e-183
1.84452e-183
3.94705e-184
8.43296e-185
1.79891e-185
3.83143e-186
8.14774e-187
1.72998e-187
3.66751e-188
7.76304e-189
1.64068e-189
3.46219e-190
7.29478e-191
1.53468e-191
3.2251e-192
6.8312e-193
1.75121e-193
)
;

boundaryField
{
    sides
    {
        type            zeroGradient;
    }
    empty
    {
        type            empty;
    }
}


// ************************************************************************* //
