/*--------------------------------*- C++ -*----------------------------------*\
| =========                 |                                                 |
| \\      /  F ield         | OpenFOAM: The Open Source CFD Toolbox           |
|  \\    /   O peration     | Version:  2312                                  |
|   \\  /    A nd           | Website:  www.openfoam.com                      |
|    \\/     M anipulation  |                                                 |
\*---------------------------------------------------------------------------*/
FoamFile
{
    version     2.0;
    format      ascii;
    arch        "LSB;label=32;scalar=64";
    class       volScalarField;
    location    "0.7";
    object      T;
}
// * * * * * * * * * * * * * * * * * * * * * * * * * * * * * * * * * * * * * //

dimensions      [0 0 0 1 0 0 0];

internalField   nonuniform List<scalar> 
1000
(
0
0
0
0
0
0
0
0
0
0
0
0
0
0
0
0
0
0
0
0
0
0
0
0
0
0
0
0
0
0
0
0
0
0
0
0
0
0
0
0
0
0
0
0
0
0
0
0
0
0
0
0
0
0
0
0
0
0
0
0
0
0
0
0
0
0
0
0
0
0
0
0
0
0
0
0
0
0
0
0
0
0
0
0
0
0
0
0
0
0
0
0
0
0
0
0
0
0
0
0
0
0
0
0
0
0
0
0
0
0
0
0
0
0
0
0
0
0
0
0
0
0
0
0
0
0
0
0
0
0
0
0
0
0
0
0
0
0
0
0
0
0
0
0
0
0
0
0
0
0
0
0
0
0
0
0
0
0
0
0
0
0
0
0
0
0
0
0
0
0
0
0
0
0
0
0
0
0
0
0
0
0
0
0
0
0
0
0
0
0
0
0
0
0
0
0
0
0
0
0
0
0
0
0
0
0
0
0
0
0
0
0
0
0
0
0
0
0
0
0
0
0
0
0
0
0
0
0
0
0
0
0
0
0
0
0
0
0
0
0
0
0
0
0
0
0
0
0
0
0
0
0
0
0
0
0
0
0
0
0
0
0
0
0
0
0
0
0
0
0
0
0
0
0
0
0
0
0
0
0
0
0
0
0
0
0
0
0
0
0
0
0
1.4822e-323
6.5859e-321
1.73543e-318
4.53271e-316
1.17764e-313
3.04347e-311
7.82354e-309
2.00032e-306
5.08677e-304
1.2865e-301
3.23581e-299
8.09366e-297
2.01315e-294
4.97916e-292
1.22452e-289
2.99424e-287
7.27939e-285
1.75943e-282
4.22763e-280
1.00983e-277
2.39776e-275
5.65907e-273
1.32753e-270
3.09517e-268
7.17198e-266
1.65153e-263
3.77921e-261
8.59333e-259
1.94152e-256
4.35832e-254
9.72002e-252
2.15358e-249
4.73994e-247
1.03628e-244
2.25036e-242
4.85359e-240
1.03965e-237
2.21153e-235
4.6715e-233
9.79816e-231
2.04047e-228
4.21873e-226
8.65905e-224
1.76426e-221
3.56804e-219
7.16206e-217
1.42677e-214
2.82063e-212
5.53323e-210
1.07701e-207
2.07984e-205
3.98452e-203
7.5722e-201
1.42735e-198
2.66846e-196
4.9474e-194
9.09575e-192
1.65808e-189
2.99666e-187
5.36898e-185
9.5351e-183
1.6784e-180
2.9279e-178
5.06133e-176
8.66905e-174
1.47106e-171
2.47283e-169
4.1173e-167
6.78944e-165
1.10868e-162
1.79259e-160
2.86945e-158
4.5468e-156
7.13094e-154
1.10678e-151
1.69979e-149
2.58274e-147
3.88203e-145
5.77121e-143
8.48473e-141
1.2334e-138
1.77255e-136
2.51797e-134
3.53497e-132
4.90379e-130
6.72064e-128
9.09797e-126
1.21633e-123
1.60565e-121
2.09246e-119
2.69141e-117
3.4161e-115
4.27775e-113
5.28371e-111
6.4358e-109
7.72865e-107
9.14824e-105
1.06708e-102
1.22621e-100
1.38781e-98
1.54658e-96
1.69655e-94
1.83141e-92
1.94489e-90
2.03123e-88
2.08562e-86
2.10462e-84
2.08651e-82
2.03151e-80
1.94179e-78
1.82136e-76
1.6758e-74
1.51179e-72
1.33662e-70
1.15763e-68
9.81669e-67
8.14643e-65
6.61217e-63
5.24627e-61
4.06658e-59
3.07759e-57
2.27254e-55
1.63618e-53
1.14777e-51
7.83879e-50
5.20788e-48
3.36293e-46
2.10873e-44
1.28278e-42
7.56236e-41
4.31578e-39
2.38147e-37
1.26901e-35
6.52115e-34
3.2269e-32
1.53519e-30
7.00971e-29
3.06612e-27
1.28214e-25
5.1141e-24
1.94093e-22
6.98988e-21
2.38134e-19
7.64864e-18
2.30719e-16
6.50758e-15
1.70772e-13
4.14533e-12
9.24485e-11
1.8791e-09
3.44753e-08
5.64189e-07
8.11417e-06
0.000100612
0.00104842
0.00885946
0.057581
0.264324
0.735676
0.942419
0.991141
0.998952
0.999899
0.999992
0.999999
1
1
1
1
1
1
1
1
1
1
1
1
1
1
1
1
1
1
1
1
1
1
1
1
1
1
1
1
1
1
1
1
1
1
1
1
1
1
1
1
1
1
1
1
1
1
1
1
1
1
1
1
1
1
1
1
1
1
1
1
1
1
1
1
1
1
1
1
1
1
1
1
1
1
1
1
1
1
1
1
1
1
1
1
1
1
0.999999
0.999992
0.999899
0.998952
0.991141
0.942419
0.735676
0.264324
0.057581
0.00885946
0.00104842
0.000100612
8.11417e-06
5.64189e-07
3.44753e-08
1.8791e-09
9.24485e-11
4.14533e-12
1.70772e-13
6.50758e-15
2.30719e-16
7.64864e-18
2.38134e-19
6.98988e-21
1.94093e-22
5.1141e-24
1.28214e-25
3.06612e-27
7.00971e-29
1.53519e-30
3.2269e-32
6.52115e-34
1.26901e-35
2.38147e-37
4.31578e-39
7.56236e-41
1.28278e-42
2.10873e-44
3.36293e-46
5.20788e-48
7.83879e-50
1.14777e-51
1.63618e-53
2.27254e-55
3.07759e-57
4.06658e-59
5.24627e-61
6.61217e-63
8.14643e-65
9.81669e-67
1.15763e-68
1.33662e-70
1.51179e-72
1.6758e-74
1.82136e-76
1.94179e-78
2.03151e-80
2.08651e-82
2.10462e-84
2.08562e-86
2.03123e-88
1.94489e-90
1.83141e-92
1.69655e-94
1.54658e-96
1.38781e-98
1.22621e-100
1.06708e-102
9.14824e-105
7.72865e-107
6.4358e-109
5.28371e-111
4.27775e-113
3.4161e-115
2.69141e-117
2.09246e-119
1.60565e-121
1.21633e-123
9.09797e-126
6.72064e-128
4.90379e-130
3.53497e-132
2.51797e-134
1.77255e-136
1.2334e-138
8.48473e-141
5.77121e-143
3.88203e-145
2.58274e-147
1.69979e-149
1.10678e-151
7.13094e-154
4.5468e-156
2.86945e-158
1.79259e-160
1.10868e-162
6.78944e-165
4.1173e-167
2.47283e-169
1.47106e-171
8.66905e-174
5.06133e-176
2.9279e-178
1.6784e-180
9.5351e-183
5.36898e-185
2.99666e-187
1.65808e-189
9.09575e-192
4.9474e-194
2.66846e-196
1.42735e-198
7.5722e-201
3.98452e-203
2.07984e-205
1.07701e-207
5.53323e-210
2.82063e-212
1.42677e-214
7.16206e-217
3.56804e-219
1.76426e-221
8.65905e-224
4.21873e-226
2.04047e-228
9.79816e-231
4.6715e-233
2.21153e-235
1.03965e-237
4.85359e-240
2.25036e-242
1.03628e-244
4.73994e-247
2.15358e-249
9.72002e-252
4.35832e-254
1.94152e-256
8.59333e-259
3.77921e-261
1.65153e-263
7.17198e-266
3.09517e-268
1.32753e-270
5.65907e-273
2.39776e-275
1.00983e-277
4.22763e-280
1.75943e-282
7.27939e-285
2.99424e-287
1.22452e-289
4.97916e-292
2.01315e-294
8.09366e-297
3.23581e-299
1.2865e-301
5.08677e-304
2.00032e-306
7.82354e-309
3.04347e-311
1.17764e-313
4.53271e-316
1.73543e-318
6.5859e-321
1.4822e-323
0
0
0
0
0
0
0
0
0
0
0
0
0
0
0
0
0
0
0
0
0
0
0
0
0
0
0
0
0
0
0
0
0
0
0
0
0
0
0
0
0
0
0
0
0
0
0
0
0
0
0
0
0
0
0
0
0
0
0
0
0
0
0
0
0
0
0
0
0
0
0
0
0
0
0
0
0
0
0
0
0
0
0
0
0
0
0
0
0
0
0
0
0
0
0
0
0
0
0
0
0
0
0
0
0
0
0
0
0
0
0
0
0
0
0
0
0
0
0
0
0
0
0
0
0
0
0
0
0
0
0
0
0
0
0
0
0
0
0
0
0
0
0
0
0
0
0
0
0
0
0
0
0
0
0
0
0
0
0
0
0
0
0
0
0
0
0
0
0
0
0
0
0
0
0
0
0
0
0
0
0
0
0
0
0
0
0
0
0
0
0
0
0
0
0
0
0
0
0
0
0
0
0
0
0
0
0
0
0
0
0
0
0
0
0
0
0
0
0
0
0
0
0
0
0
0
0
0
0
0
0
0
0
0
0
0
0
0
0
0
0
0
0
0
0
0
0
0
0
0
0
0
0
0
0
0
0
0
0
0
0
0
0
0
0
0
0
0
0
0
0
0
0
0
0
0
0
0
0
0
0
0
0
0
0
0
0
0
0
0
0
0
)
;

boundaryField
{
    sides
    {
        type            zeroGradient;
    }
    empty
    {
        type            empty;
    }
}


// ************************************************************************* //
