/*--------------------------------*- C++ -*----------------------------------*\
| =========                 |                                                 |
| \\      /  F ield         | OpenFOAM: The Open Source CFD Toolbox           |
|  \\    /   O peration     | Version:  2312                                  |
|   \\  /    A nd           | Website:  www.openfoam.com                      |
|    \\/     M anipulation  |                                                 |
\*---------------------------------------------------------------------------*/
FoamFile
{
    version     2.0;
    format      ascii;
    arch        "LSB;label=32;scalar=64";
    class       volScalarField;
    location    "0.3";
    object      T;
}
// * * * * * * * * * * * * * * * * * * * * * * * * * * * * * * * * * * * * * //

dimensions      [0 0 0 1 0 0 0];

internalField   nonuniform List<scalar> 
1000
(
0
0
0
0
0
0
0
0
0
0
0
0
0
0
0
0
0
0
0
0
0
0
0
0
0
0
0
0
0
0
0
0
0
0
0
0
0
0
0
0
0
0
0
0
0
0
0
0
0
0
0
0
0
0
0
0
0
0
0
0
0
0
0
0
0
0
0
0
0
0
0
0
0
0
0
0
0
0
0
0
0
0
0
0
0
0
0
0
0
0
0
0
0
0
0
0
0
0
0
0
0
0
0
0
0
0
0
0
0
0
0
0
0
0
0
0
0
0
0
0
0
0
0
0
0
0
0
0
0
0
0
0
0
0
0
0
0
0
0
0
0
0
0
0
0
0
0
0
0
0
0
0
0
0
0
0
0
0
0
0
0
0
0
0
0
0
0
0
0
0
0
0
0
0
0
0
0
0
0
0
0
0
0
0
0
0
0
0
0
0
0
0
0
0
0
0
0
0
0
0
0
0
0
0
0
0
0
0
0
0
0
0
0
0
0
0
0
0
0
0
0
0
0
0
0
0
0
0
0
0
0
0
0
0
0
0
0
0
0
0
0
0
0
0
0
0
0
0
0
0
0
0
0
0
0
0
0
0
0
0
0
0
0
0
0
0
0
0
0
0
0
0
0
0
0
0
0
0
0
0
0
0
0
0
0
0
0
0
0
0
0
0
0
0
0
0
0
0
0
0
0
0
0
0
0
0
0
0
0
0
0
4.24896e-322
1.98308e-319
8.96405e-317
4.03193e-314
1.80442e-311
8.03448e-309
3.55918e-306
1.56853e-303
6.87648e-301
2.99878e-298
1.30079e-295
5.61215e-293
2.40817e-290
1.02768e-287
4.3613e-285
1.8405e-282
7.72314e-280
3.22228e-277
1.33665e-274
5.51227e-272
2.25983e-269
9.20922e-267
3.73032e-264
1.50181e-261
6.00902e-259
2.38934e-256
9.44086e-254
3.70656e-251
1.44586e-248
5.60328e-246
2.1572e-243
8.24965e-241
3.1336e-238
1.18217e-235
4.42905e-233
1.64777e-230
6.08703e-228
2.23252e-225
8.1289e-223
2.93815e-220
1.0541e-217
3.7533e-215
1.32626e-212
4.65037e-210
1.61787e-207
5.58408e-205
1.91192e-202
6.49304e-200
2.18696e-197
7.30467e-195
2.41923e-192
7.94361e-190
2.58567e-187
8.34236e-185
2.66754e-182
8.45246e-180
2.65368e-177
8.2537e-175
2.54286e-172
7.75909e-170
2.34449e-167
7.01407e-165
2.07735e-162
6.08977e-160
1.76674e-157
5.07166e-155
1.44033e-152
4.04606e-150
1.12404e-147
3.08765e-145
8.38479e-143
2.25053e-140
5.96927e-138
1.56426e-135
4.04906e-133
1.03505e-130
2.61234e-128
6.50818e-126
1.60008e-123
3.88121e-121
9.28589e-119
2.19075e-116
5.09512e-114
1.16784e-111
2.63722e-109
5.86557e-107
1.28451e-104
2.76871e-102
5.87196e-100
1.22489e-97
2.51219e-95
5.06389e-93
1.0028e-90
1.95008e-88
3.7223e-86
6.9709e-84
1.28018e-81
2.30432e-79
4.0632e-77
7.01465e-75
1.18496e-72
1.95745e-70
3.16001e-68
4.98195e-66
7.66494e-64
1.14997e-61
1.68106e-59
2.39237e-57
3.31149e-55
4.45402e-53
5.81522e-51
7.36184e-49
9.02614e-47
1.07044e-44
1.22625e-42
1.35492e-40
1.44171e-38
1.47475e-36
1.44752e-34
1.36051e-32
1.22173e-30
1.04559e-28
8.50486e-27
6.55481e-25
4.77031e-23
3.26542e-21
2.09324e-19
1.25022e-17
6.91653e-16
3.51989e-14
1.63437e-12
6.8556e-11
2.56632e-09
8.44197e-08
2.39175e-06
5.67929e-05
0.00108704
0.01579
0.156649
0.843351
0.98421
0.998913
0.999943
0.999998
1
1
1
1
1
1
1
1
1
1
1
1
1
1
1
1
1
1
1
1
1
1
1
1
1
1
1
1
1
1
1
1
1
1
1
1
1
1
1
1
1
1
1
1
1
1
1
1
1
1
1
1
1
1
1
1
1
1
1
1
1
1
1
1
1
1
1
1
1
1
1
1
1
1
1
1
1
1
1
1
1
1
1
1
1
1
1
1
1
1
0.999998
0.999943
0.998913
0.98421
0.843351
0.156649
0.01579
0.00108704
5.67929e-05
2.39175e-06
8.44197e-08
2.56632e-09
6.8556e-11
1.63437e-12
3.51989e-14
6.91653e-16
1.25022e-17
2.09324e-19
3.26542e-21
4.77031e-23
6.55481e-25
8.50486e-27
1.04559e-28
1.22173e-30
1.36051e-32
1.44752e-34
1.47475e-36
1.44171e-38
1.35492e-40
1.22625e-42
1.07044e-44
9.02614e-47
7.36184e-49
5.81522e-51
4.45402e-53
3.31149e-55
2.39237e-57
1.68106e-59
1.14997e-61
7.66494e-64
4.98195e-66
3.16001e-68
1.95745e-70
1.18496e-72
7.01465e-75
4.0632e-77
2.30432e-79
1.28018e-81
6.9709e-84
3.7223e-86
1.95008e-88
1.0028e-90
5.06389e-93
2.51219e-95
1.22489e-97
5.87196e-100
2.76871e-102
1.28451e-104
5.86557e-107
2.63722e-109
1.16784e-111
5.09512e-114
2.19075e-116
9.28589e-119
3.88121e-121
1.60008e-123
6.50818e-126
2.61234e-128
1.03505e-130
4.04906e-133
1.56426e-135
5.96927e-138
2.25053e-140
8.38479e-143
3.08765e-145
1.12404e-147
4.04606e-150
1.44033e-152
5.07166e-155
1.76674e-157
6.08977e-160
2.07735e-162
7.01407e-165
2.34449e-167
7.75909e-170
2.54286e-172
8.2537e-175
2.65368e-177
8.45246e-180
2.66754e-182
8.34236e-185
2.58567e-187
7.94361e-190
2.41923e-192
7.30467e-195
2.18696e-197
6.49304e-200
1.91192e-202
5.58408e-205
1.61787e-207
4.65037e-210
1.32626e-212
3.7533e-215
1.0541e-217
2.93815e-220
8.1289e-223
2.23252e-225
6.08703e-228
1.64777e-230
4.42905e-233
1.18217e-235
3.1336e-238
8.24965e-241
2.1572e-243
5.60328e-246
1.44586e-248
3.70656e-251
9.44086e-254
2.38934e-256
6.00902e-259
1.50181e-261
3.73032e-264
9.20922e-267
2.25983e-269
5.51227e-272
1.33665e-274
3.22228e-277
7.72314e-280
1.8405e-282
4.3613e-285
1.02768e-287
2.40817e-290
5.61215e-293
1.30079e-295
2.99878e-298
6.87648e-301
1.56853e-303
3.55918e-306
8.03448e-309
1.80442e-311
4.03193e-314
8.96405e-317
1.98308e-319
4.24896e-322
0
0
0
0
0
0
0
0
0
0
0
0
0
0
0
0
0
0
0
0
0
0
0
0
0
0
0
0
0
0
0
0
0
0
0
0
0
0
0
0
0
0
0
0
0
0
0
0
0
0
0
0
0
0
0
0
0
0
0
0
0
0
0
0
0
0
0
0
0
0
0
0
0
0
0
0
0
0
0
0
0
0
0
0
0
0
0
0
0
0
0
0
0
0
0
0
0
0
0
0
0
0
0
0
0
0
0
0
0
0
0
0
0
0
0
0
0
0
0
0
0
0
0
0
0
0
0
0
0
0
0
0
0
0
0
0
0
0
0
0
0
0
0
0
0
0
0
0
0
0
0
0
0
0
0
0
0
0
0
0
0
0
0
0
0
0
0
0
0
0
0
0
0
0
0
0
0
0
0
0
0
0
0
0
0
0
0
0
0
0
0
0
0
0
0
0
0
0
0
0
0
0
0
0
0
0
0
0
0
0
0
0
0
0
0
0
0
0
0
0
0
0
0
0
0
0
0
0
0
0
0
0
0
0
0
0
0
0
0
0
0
0
0
0
0
0
0
0
0
0
0
0
0
0
0
0
0
0
0
0
0
0
0
0
0
0
0
0
0
0
0
0
0
0
0
0
0
0
0
0
0
0
0
0
0
0
0
0
0
0
0
0
0
0
0
0
0
0
0
0
0
0
0
0
0
0
0
0
0
0
0
)
;

boundaryField
{
    sides
    {
        type            zeroGradient;
    }
    empty
    {
        type            empty;
    }
}


// ************************************************************************* //
